1584175538.47938 0.00108384 0.00676324 -0.00657733 4.64950606934216e-06 -0.000155010634588032 0.000404332607000963 0.99999990623261
1584175539.48028 0.00105139 0.0053809 -0.0055334 -1.44489588537126e-05 -0.000121167936217607 0.000479025073869962 0.999999877822261
1584175540.48113 -0.003988 0.00616277 -0.00325644 1.30651637164715e-06 -3.55050155947724e-06 0.000420012893488934 0.999999911787424
1584175541.48198 -0.00161176 0.00124382 -0.0036846 -1.05168086292133e-05 -0.000215491573271301 0.000432460582296577 0.999999883215305
1584175542.48286 0.00430766 0.00736376 -0.00543606 1.80469814458126e-06 -0.000184809322405283 0.000384791728351114 0.999999908888787
1584175543.48368 -0.00327907 0.00274984 -0.0105444 -6.75590506748338e-06 -2.75534670313718e-06 0.000433908358847952 0.999999905835147
1584175544.48457 -0.000619536 -0.00278315 -0.00569759 -1.3454990934657e-05 -0.000141302826312674 0.000468922930102803 0.999999879981873
1584175545.48542 0.00125301 0.00931881 -0.00442164 4.13541960960062e-06 -0.000147814620339306 0.000458677951498261 0.99999988387413
1584175546.48628 -0.00202414 0.00294361 -0.00361569 -2.11535924296096e-06 -0.00018633941981719 0.000425330468255927 0.999999892183563
1584175547.4872 0.00407229 0.00971351 -0.0060638 1.53091422901736e-05 -0.000244038965749853 0.000363026631877085 0.999999904211134
1584175548.48802 -0.00119979 -0.00187818 -0.00510633 -7.23362642766657e-07 -4.59450243392721e-05 0.000442102835748497 0.999999901216802
1584175549.48888 -0.00202134 0.00211446 -0.00441693 -1.03343998986294e-05 -0.000146433531880114 0.000388917385968771 0.99999991359684
1584175550.48976 0.0011572 0.00671318 -0.00593637 3.16195682608519e-06 -0.000128178356897169 0.00036454432364448 0.999999925333871
1584175551.49058 -0.00255383 0.000818319 -0.00394269 -2.41281034093477e-05 -0.000153076835290265 0.000324327244066944 0.999999935398576
1584175552.49144 0.00719079 0.00325603 -0.00598507 -2.35417603604524e-06 -0.000264655888622096 0.000365999264959378 0.999999897998123
1584175553.49234 0.00821924 0.112894 -0.00584036 1.23332138003986e-05 1.78765249746072e-05 0.00167837775725488 0.999998591287221
1584175554.49324 -0.0522277 0.408489 -0.0120624 0.000173360396362181 0.000293631797208368 0.0222350982115625 0.999752711491228
1584175555.49404 -0.164285 0.873249 -0.0223884 0.000605166551620655 0.000778228585970864 0.0745989108415031 0.997213132000865
1584175556.49496 -0.126639 1.06633 -0.0307601 0.000728211208535961 0.00144190543032597 0.0866626147827744 0.996236408597968
1584175557.4958 -0.125216 1.06732 -0.0231163 0.00065343618919562 0.000938946188561275 0.0865735120390078 0.996244808475524
1584175558.4967 -0.144999 1.06649 -0.0285802 0.000766196337632283 0.00103887375408064 0.0886958443376528 0.996057920445255
1584175559.49754 -0.230873 1.29866 -0.0243868 0.00120537700413756 0.00170302950700452 0.106426132435906 0.99431842238365
1584175560.4984 -0.586381 2.07325 -0.033692 0.0028198745421026 0.00290268116722879 0.190242701868999 0.981728749265902
1584175561.49922 -1.06775 3.84712 -0.114693 0.00237835254865546 0.00450286895755711 0.184259722719304 0.982864396645697
1584175562.5001 -1.5779 6.26137 -0.147977 0.0031782547927133 0.00656502596065829 0.103744219953101 0.994577264950758
1584175563.60111 -1.97957 9.47243 -0.120731 0.000638610316459423 0.0115538474874342 0.066343247648297 0.997729760143786
1584175564.6019 -2.24936 13.3644 -0.249542 -0.00648400379347166 0.00800998219951785 0.0486797993209384 0.998761270283366
1584175565.60275 -2.36237 17.8876 -0.295876 -0.00629278490860464 0.00759947143090412 0.0250416522034849 0.999637716648879
1584175566.60363 -2.3764 22.8117 -0.471331 -0.00836139293566137 0.00753070828764651 0.0167829977503585 0.999795832421487
1584175567.60452 -2.31774 27.5378 -0.616395 -0.00985794301306478 0.00400420790730397 0.00879276360545526 0.999904732755459
1584175568.60538 -2.19357 31.98 -0.810974 -0.00826909772218183 0.00550685754729092 0.00995722236878172 0.999901070239208
1584175569.60627 -2.17896 36.1578 -0.9132 -0.0130659540366152 -0.00141511476367066 0.0189059747442974 0.999734886064444
1584175570.6071 -2.16577 40.2625 -1.04386 -0.0115990854535908 0.000316234815039858 0.0240452503163422 0.999643530039287
1584175571.60798 -2.19635 44.2516 -1.22427 -0.00991419116583993 -0.00354407453486812 0.019555837581209 0.999753328359409
1584175572.60881 -2.15085 48.3843 -1.37203 -0.00893669746743656 -0.00189523239454121 0.0142084908999846 0.999857320980794
1584175573.60969 -2.09454 53.1058 -1.53378 -0.00842524441039614 -0.003261835308617 0.0146868564221715 0.999851324915599
1584175574.61057 -2.06551 57.882 -1.7133 -0.0107256420402149 -0.00690643185483695 0.0181188234164821 0.999754454873726
1584175575.61143 -1.99035 62.6023 -1.81759 -0.0104206222373398 -0.00541299745762768 0.016128605473492 0.999800969281482
1584175576.61229 -1.99121 67.0482 -1.96163 -0.00812737047573366 -0.00587384098674617 0.0129504427270736 0.999865855939878
1584175577.61319 -1.85882 71.4655 -2.11577 -0.00700526148697789 -0.00835373766842721 0.00704242476666637 0.999915769268528
1584175578.61399 -1.61238 76.1277 -2.26746 -0.0054754812396416 -0.00760725332141792 -0.00560688994399158 0.999940354014805
1584175579.61485 -1.35108 81.1387 -2.49012 -0.0116914307469894 0.0108994802353177 -0.00114875669398599 0.99987158782303
1584175580.61574 -1.22461 86.3446 -2.67615 -0.00917578689637806 0.00980446548608391 0.0117974530045601 0.999840235984714
1584175581.61665 -1.06495 91.6662 -2.86517 -0.0105706921068639 0.0112581743782323 0.00116130076517576 0.999880075488348
1584175582.61741 -0.810738 97.1491 -3.04696 -0.0166404172227677 0.0129139142846272 -0.00535527259151731 0.999763796297892
1584175583.6183 -0.498049 102.751 -3.3113 -0.0148535365323335 0.0175807278139125 -0.00229403851704116 0.999732478140676
1584175584.61917 -0.232497 108.572 -3.52501 -0.0165610552523448 0.0147499418759358 0.00205705563129653 0.999751938825684
1584175585.62007 -0.0468326 114.493 -3.77658 -0.0123812277121525 0.0166206027194991 0.00625890144307567 0.999765615991221
1584175586.62099 0.0901299 120.433 -4.06223 -0.0178159742003387 0.0178511520600795 0.00892102415954491 0.999642107337104
1584175587.62183 0.226073 126.252 -4.2595 -0.0193945560172726 0.0184727489390835 0.0099274756153091 0.999591943730758
1584175588.62263 0.365555 131.943 -4.55052 -0.0175426528856656 0.0232592823535426 0.00740067686054847 0.999548143460903
1584175589.62351 0.508046 137.427 -4.82519 -0.0171180248137301 0.0160221865690509 0.00871459228246742 0.999687110372727
1584175590.62438 0.615119 142.701 -5.07864 -0.01656335064934 0.0162872515409863 0.00869749883738062 0.999692319849703
1584175591.62523 0.747611 147.705 -5.36634 -0.0157853676025072 0.014926065601453 0.00451425843223668 0.999753797795298
1584175592.62614 0.950416 152.12 -5.53182 -0.0191098404040554 0.0132461962013116 -0.0117920251760322 0.999660092445515
1584175593.62697 1.32202 155.684 -5.73669 -0.0247447031911885 0.0161976037886862 -0.069941618311389 0.997112585079272
1584175594.52769 2.21376 158.388 -5.9011 -0.0166022459013388 0.00641558519135437 -0.208110626669841 0.9779433382179
1584175595.62873 3.79457 160.121 -6.01505 -0.00694572132652869 -0.0104909984423837 -0.377358349719893 0.925981842048544
1584175596.62957 6.05757 161.363 -6.00561 0.00156896862455275 -0.0209572612841161 -0.533536201034112 0.84551608720533
1584175597.63044 9.45074 162.084 -5.95706 -0.000819993290011133 -0.0305561184156747 -0.645797852332037 0.762896313506429
1584175598.63123 13.1318 162.15 -5.84188 0.00147540564551102 -0.0313926152795029 -0.688230381971509 0.724811194874531
1584175599.63216 17.1114 162.094 -5.61922 0.00719298536630547 -0.0235628433223071 -0.697492895287605 0.716168076920078
1584175600.63301 21.3787 162.009 -5.48508 0.00679191925949905 -0.0242010509051172 -0.701022654317563 0.712695879812294
1584175601.63384 26.0463 161.924 -5.36487 0.00854884463562482 -0.0223962248636324 -0.695650174527012 0.7179806132813
1584175602.63471 30.8914 161.92 -5.25113 0.011063410076993 -0.021388304840482 -0.689221829560173 0.724150130174155
1584175603.63559 36.0266 162.018 -5.06039 0.01103492664922 -0.0228854506878275 -0.69011549425032 0.723253130747664
1584175604.63651 41.3699 162.01 -4.92303 0.00553591702792558 -0.029900010253441 -0.692539663333859 0.720738619555612
1584175605.63738 47.0465 161.956 -4.76067 0.00397502386602966 -0.0263058293349179 -0.697257740813461 0.716326633180684
1584175606.63819 52.6474 161.857 -4.59701 0.00350344773919743 -0.0218721245159063 -0.701264151182395 0.712557314389189
1584175607.63909 57.9215 161.696 -4.47308 0.00131219015604625 -0.0151710424065069 -0.699934811914185 0.714044380063277
1584175608.63991 63.0641 161.583 -4.35563 0.0103165420661888 -0.0116702776655598 -0.698930290798617 0.715020155088768
1584175609.64081 68.3284 161.464 -4.18916 0.0170207901628774 -0.0163719312004754 -0.698576738192008 0.71514529532677
1584175610.64163 73.5341 161.371 -4.02539 0.0144314597434628 -0.0208690664539667 -0.698849295116721 0.714818772661907
1584175611.64253 78.5511 161.306 -3.90843 0.00298875626562302 -0.0226868968723837 -0.70077532293983 0.713014949916805
1584175612.6434 83.4706 161.15 -3.78535 0.00163751333088979 -0.0212590883080171 -0.701360641722788 0.712487627932305
1584175613.64417 88.4124 160.99 -3.70595 0.0107541196389848 -0.0136249761730977 -0.703959484144073 0.710027994954201
1584175614.545 93.2688 160.823 -3.56378 0.00770518418875394 -0.0128896270443764 -0.703088191678554 0.710944078232216
1584175615.54586 98.0784 160.687 -3.50784 0.022630288622701 -0.0137494823175935 -0.700860434144914 0.712806757559897
1584175616.64681 102.613 160.609 -3.24055 0.012245126317798 -0.0214615709623759 -0.696620340605192 0.71701433661287
1584175617.54759 106.981 160.538 -3.26338 0.0116354451395924 -0.0149385099674119 -0.692740313443966 0.720938496312905
1584175618.64855 111.083 160.566 -3.08243 0.0115083764962922 -0.016676081178827 -0.69081677184387 0.722745912009297
1584175619.64943 114.953 160.577 -2.96512 0.00903742182080679 -0.0175723436075664 -0.688762551955966 0.724717658657546
1584175620.65021 118.503 160.605 -2.88963 0.0103399756444138 -0.0164982142829757 -0.687000079215076 0.726396437895744
1584175621.65116 121.558 160.524 -2.85182 0.0105113783129836 -0.0164281090306644 -0.711586761361594 0.702327494274969
1584175622.65203 124.159 160.075 -2.72427 0.00613166962386431 -0.0125665744604939 -0.769864996960404 0.638053579481464
1584175623.65287 126.239 159.132 -2.72542 0.00772168899941523 -0.0133738345248322 -0.845330748137838 0.534020076702947
1584175624.65374 127.805 157.771 -2.61206 0.0113493325596805 -0.023157296738169 -0.913835118563698 0.405265725589891
1584175625.65461 128.924 156.166 -2.63744 0.00872376289971694 -0.0303074457127877 -0.956825206774758 0.288947881763611
1584175626.55536 129.671 154.34 -2.57879 0.00173739968932543 -0.0244328756585526 -0.983867307487043 0.177214946569328
1584175627.65628 130.076 152.263 -2.46983 0.00133922847490409 -0.025253104546967 -0.995977900161844 0.085956439939288
1584175628.55709 130.272 149.953 -2.33274 0.000587675205527814 -0.0236176947278214 -0.998953410665554 0.0391655774022666
1584175629.65807 130.335 147.386 -2.27321 -0.000848121873559414 -0.0266795274013938 -0.999218440948244 0.0291546012815513
1584175630.55886 130.388 144.124 -2.18519 -0.00524311778008914 -0.0227645775186227 -0.999342794970862 0.0277175371591289
1584175631.65977 130.376 140.223 -2.11071 -0.00988537019685581 -0.0224025068750863 -0.999511339344435 0.0194290932283627
1584175632.56052 130.341 136.198 -1.94392 -0.00824758918721859 -0.0203963225473836 -0.999661769683682 0.0138677154582133
1584175633.56142 130.252 132.086 -1.8455 -0.00263671431638342 -0.0236732656226223 -0.999649114546327 0.011587580382385
1584175634.56224 130.175 127.661 -1.71428 -0.00396877363012242 -0.0210867020232736 -0.999752349503932 0.00590249904885518
1584175635.66317 130 123.043 -1.5749 0.00373886061147438 0.0208656649388798 0.999774439095022 0.00130991611201114
1584175636.66411 129.753 118.308 -1.41963 0.000184148932759914 0.0222229566629253 0.99974891100453 0.00286726901176357
1584175637.56484 129.522 113.84 -1.29922 0.00177386800601424 0.0206572455338685 0.999785042304359 -2.79950472468219e-05
1584175638.56572 129.388 109.742 -1.16369 -0.00393836269290765 -0.0217339539926194 -0.999715040310172 0.00905332650333996
1584175639.66668 129.377 106.022 -1.11335 -0.0107058279549608 -0.0217814957978785 -0.99939362193314 0.0249667804885841
1584175640.56749 129.422 102.217 -0.984946 -0.0107876530924068 -0.0235550353931668 -0.999266859233578 0.0281874242499302
1584175641.56831 129.518 97.7874 -0.848562 -0.013898083671693 -0.0220094362070576 -0.99922435562077 0.0295485214919082
1584175642.56919 129.615 92.9631 -0.743378 -0.0117961222181927 -0.0218839594038639 -0.999322150802719 0.0271511093042443
1584175643.57005 129.631 88.2687 -0.577157 -0.0110687370617828 -0.0194383214065372 -0.999570159555499 0.018950747925797
1584175644.67105 129.552 83.7642 -0.479402 -0.00963419568306221 -0.0210762519451635 -0.999694627187825 0.00858057394820955
1584175645.67186 129.388 79.1944 -0.362967 0.0113980398075025 0.0171912830322796 0.999786195980115 0.00145148333175477
1584175646.57268 129.128 74.5228 -0.256159 0.00872711228162093 0.0157023021508901 0.999776394410551 0.0111551063564956
1584175647.57349 128.803 69.6636 -0.18799 -0.00438041033334702 -0.0163540122874553 -0.999850230502836 0.00358815423851626
1584175648.57433 128.831 64.7002 -0.0819974 -0.00186275994395955 -0.0143794057054031 -0.999476373987375 0.0289264698502867
1584175649.57517 128.958 59.5583 0.0429782 -0.00266106984215962 -0.0168444589478017 -0.99942377751276 0.0293478423768587
1584175650.57607 129.034 54.2999 0.124457 -0.0138676370319124 -0.0132101083235555 -0.999446149594198 0.0272135213186882
1584175651.57696 129.08 48.9278 0.0984717 -0.00730606305409465 -0.0162555884417456 -0.999603134857856 0.0218162799168248
1584175652.57781 129.06 43.453 0.241661 -0.00487471122546986 -0.0148264748448641 -0.999729971736163 0.0172161681728062
1584175653.57866 129.007 37.8138 0.249737 -0.00444575931964807 -0.0162800759697674 -0.999742708458359 0.0151562275925042
1584175654.57955 128.927 32.0116 0.400347 -0.0056891972393623 -0.0142376378382017 -0.999784979164922 0.0139613086691732
1584175655.58049 128.852 25.925 0.475941 -0.00915978942658931 -0.0164686297289619 -0.999793195836977 0.00764513247723964
1584175656.58127 128.462 19.547 0.597348 -0.00216956583576604 0.0122703543654849 0.999834445270859 0.0132594659674951
1584175657.58214 127.795 12.9998 0.69919 -0.0109815731509328 0.0148719774157911 0.99932495238543 0.0317469506997563
1584175658.58296 127.052 6.56155 0.774823 -0.0199991718417279 0.0153284383297724 0.999195979952905 0.0311843831102928
1584175659.58386 126.529 0.27948 0.880373 -0.0153601707233685 0.0155589706371337 0.999703075813446 0.0107584291231543
1584175660.58469 126.253 -5.71993 0.944751 0.0159313494099126 -0.0142070236936788 -0.999772142912723 -0.000121817278384811
1584175661.58557 126.053 -10.0416 1.00238 -0.0150214369199213 0.0168760240563237 0.999714377129998 0.00779232984999524
1584175662.58644 125.97 -12.5285 1.06415 -0.0145005357648151 0.0202783924145833 0.99903577279651 0.0361392575531515
1584175663.58733 125.505 -14.3646 1.1399 -0.00459302690388359 0.0199514444207134 0.986916162335009 0.159929148348031
1584175664.58813 124.263 -15.8583 1.18223 -0.00812270209528246 0.0189848094801578 0.930701317655746 0.365196736066371
1584175665.58903 121.901 -16.5485 1.1375 -0.0157130127316261 0.026598825290897 0.821658325184841 0.569142513241175
1584175666.5899 118.885 -16.6648 1.08646 -0.014770723950585 0.017313491261179 0.728132029705619 0.685058987278542
1584175667.59071 114.691 -16.5514 1.02084 -0.0180290499231491 0.0132171567511145 0.713690309407142 0.700104565321941
1584175668.59165 109.536 -16.4582 0.846096 -0.0177832084164352 0.0123067013451228 0.711998519652379 0.701847854319753
1584175669.59248 103.418 -16.3132 0.711854 -0.018858706152954 0.00625198341450157 0.716170625440788 0.697642384865893
1584175670.59336 96.6492 -16.2083 0.428379 -0.021003903420967 0.00982069187783805 0.71705952237122 0.696626177679881
1584175671.59423 89.3583 -16.1015 0.1194 -0.0186033088609957 0.0100532148077874 0.717463748481367 0.69627481599331
1584175672.59511 81.7153 -16.0213 -0.0925193 -0.019734319661777 0.00382100809043179 0.716796135354533 0.696993010628848
1584175673.5959 73.7992 -15.9059 -0.293309 -0.0194745111544782 0.00432305109184922 0.717084976267864 0.696700216345214
1584175674.59684 65.4839 -15.8028 -0.721878 -0.024148786516118 0.00391914426071201 0.716496611924093 0.697161445806751
1584175675.59769 56.7875 -15.6791 -1.00249 -0.0223349300720065 -0.00119881261681309 0.717555161137076 0.696142445532905
1584175676.5985 47.7981 -15.6058 -1.44995 -0.0234058895655458 0.00108329667948306 0.717996745344626 0.695651970798958
1584175677.59942 38.8286 -15.5012 -1.81198 -0.0233779122081107 -0.00110181595638942 0.715784175384413 0.697929275422406
1584175678.60021 30.1613 -15.263 -2.17412 -0.0200514156963373 0.0034916868881905 0.711768716298386 0.702118966664621
1584175679.60112 22.0435 -15.0112 -2.45158 -0.0227308081072524 0.00301956858979303 0.709642827630326 0.704188362415311
1584175680.60198 14.7014 -14.7828 -2.7908 -0.0228273934409417 0.00308220520622742 0.712855452553498 0.700932602954454
1584175681.60282 8.63607 -14.6554 -2.97124 -0.0229511875831272 0.0020082209498844 0.713161247643295 0.700621327749162
1584175682.60368 4.19025 -14.2163 -3.2174 -0.0207665668783439 -0.00373701197954549 0.664019612836054 0.747417378852411
1584175683.60456 1.2902 -13.0609 -3.40061 -0.0160873238078668 -0.00573713620192799 0.534134375742409 0.845227041646899
1584175684.60542 -0.786247 -11.0069 -3.50474 -0.0153885663949988 -0.0149437687389486 0.344808089216108 0.938428077910779
1584175685.60628 -1.69438 -8.45262 -3.6034 -0.00229467501989938 -0.0170845716064404 0.128001958866568 0.991624097330182
1584175686.60724 -1.65252 -6.05483 -3.63327 0.0113281465737801 -0.0116680239067726 -0.0440878877432951 0.998895284035143
1584175687.60803 -1.15073 -3.15632 -3.64164 0.0099509635358422 -0.00229335486988185 -0.0814030570780561 0.996628948579408
1584175688.60888 -0.731585 0.513823 -3.57602 0.0114646515580606 0.00306073673043407 -0.0137875726024409 0.99983453455912
1584175689.60975 -0.809744 4.9589 -3.52671 0.0107884988834976 0.0102259540979122 0.0625173907748456 0.99793317111184
1584175690.6106 -1.33679 9.8376 -3.52139 0.00801974907463093 0.0124453930539806 0.0815346617234449 0.996560532408421
1584175691.61149 -1.81738 15.0189 -3.55886 0.00302821329337755 0.0195563117429307 0.058184281566075 0.998109698366819
1584175692.61232 -1.9738 20.2926 -3.56928 0.00199668431219353 0.0122431336737072 0.0172395896434847 0.999774432298871
1584175693.6132 -1.80624 25.7336 -3.63414 0.00257527624316213 0.0121373871115725 -0.00271502011978305 0.9999193369728
1584175694.61403 -1.56553 31.3957 -3.72181 0.00271370427795417 0.018144924661049 -0.00188362612939643 0.999829910270113
1584175695.6149 -1.35752 37.1746 -3.7913 -0.0020086367453546 0.00753576420796967 0.0066112822075615 0.999947732925976
1584175696.6158 -1.24995 43.1413 -3.91758 0.00203878839483553 0.0126383851266926 0.0154686013071627 0.999798398146782
1584175697.61665 -1.2788 49.2365 -3.99628 0.000800418391030817 0.0107890000905604 0.0240007359123477 0.99965340067601
1584175698.61754 -1.34479 55.0954 -4.08667 -0.00119510197268845 0.0073230480635231 0.0270055987076699 0.999607744236095
1584175699.61837 -1.4097 60.6673 -4.17602 0.000540952338748692 0.0063992849562635 0.0277181463427077 0.999595148490598
1584175700.61922 -1.51295 65.8891 -4.22787 0.00168820150434059 0.00374753054432346 0.0261560835079468 0.999649421190262
1584175701.62013 -1.43575 70.7567 -4.32049 0.00273440947975786 0.000167873451894219 -0.00247720511551069 0.999993179115796
1584175702.62097 -1.04472 75.621 -4.36001 0.00469641766586062 0.0026741893552631 -0.0178295021649779 0.999826435550165
1584175703.62184 -0.577502 80.7912 -4.34931 -0.00313738153796057 0.00923291567306194 -0.0172751760537615 0.999803219837569
1584175704.62269 -0.143767 86.2533 -4.52455 0.00209512699012059 0.00764506417106134 -0.0131430606577772 0.999882204758772
1584175705.62356 0.1634 91.9179 -4.58328 0.000760401062288382 0.0134797446007191 -0.00117479270448868 0.999908164852065
1584175706.6244 0.341473 97.8485 -4.71964 -0.00668259753706179 0.0123566541228082 0.01040526556243 0.999847181542071
1584175707.62529 0.376337 104.046 -4.86192 -0.00453308852258358 0.0165450468091988 0.0183599034744672 0.999684263394666
1584175708.62617 0.400349 110.481 -4.98948 -0.00440709508288105 0.0100617735012735 0.019775211499321 0.999744106877903
1584175709.62701 0.45858 117.167 -5.1508 -0.00276140229927301 0.0143326160258495 0.0133396896880941 0.999804482613587
1584175710.62789 0.545311 124.035 -5.35003 -0.00523634488826343 0.0140305011036883 0.0150608603983881 0.999774422664958
1584175711.62877 0.663094 130.751 -5.51327 -0.00621698343944226 0.0164752519206953 0.0134207648572008 0.999754869086273
1584175712.62958 0.74754 137.385 -5.75477 -0.00765689934036122 0.00972132646268626 0.0115472429158455 0.999856754182988
1584175713.63044 0.87526 143.778 -5.90933 -0.00670614088859238 0.0111148838370681 0.0103256552571289 0.999862424474078
1584175714.63135 1.01818 149.78 -6.0802 -0.0134305166001421 0.00772054145552516 0.00624216067083069 0.999860515218821
1584175715.63222 1.28399 154.923 -6.25529 -0.0124154781934174 0.00486693695443344 -0.0485107091049781 0.998733638127826
1584175716.6331 2.5634 159.186 -6.39806 -0.00598063208831731 -0.00623653846878162 -0.226658454978946 0.973935974494375
1584175717.63391 5.24659 161.729 -6.38838 0.00133360324354883 -0.0294388497116136 -0.465791245483494 0.884403805544154
1584175718.63476 8.26743 162.435 -6.27987 0.0095658247616297 -0.0299667877055167 -0.644158736963315 0.764244730583776
1584175719.63606 12.0568 162.429 -6.08427 0.0191658994318386 -0.0333376249113316 -0.705741508979843 0.70742504448676
1584175720.63659 15.9157 162.175 -5.89723 0.0247739726351787 -0.0244530080578198 -0.71741525256282 0.695775578809015
1584175721.63752 20.2694 161.749 -5.68101 0.0193555800169232 -0.0228658282928893 -0.726276951466739 0.686749084591213
1584175722.63827 24.8679 161.28 -5.45446 0.024375639726069 -0.0147590411832388 -0.727309569675249 0.685717717978834
1584175723.63912 29.4597 160.721 -5.3095 0.024794665454725 -0.00963967833501313 -0.735328653007936 0.677188358754136
1584175724.63994 33.9055 160.208 -5.08424 0.0281415209298984 -0.0163360381315168 -0.729820133225096 0.682864380237555
1584175725.64085 38.2664 159.938 -4.93497 0.028778075104845 -0.0183434652869721 -0.710459511808913 0.702910109299024
1584175726.64173 42.6234 159.775 -4.67642 0.0266289188284364 -0.0163142457062972 -0.701783545119691 0.711705417900062
1584175727.64255 47.0775 159.768 -4.43955 0.019031389185055 -0.0227005673240438 -0.687825178669228 0.725271682928197
1584175728.6434 51.879 159.909 -4.3505 0.0182652569142614 -0.0189235378972694 -0.676514967507694 0.7359590877497
1584175729.64429 57.1114 160.078 -4.18289 0.0159462827863591 -0.0101412222010301 -0.677195329223734 0.735560573817769
1584175730.64517 62.8455 160.264 -3.93774 0.0269123799154993 -0.00555456953481902 -0.679736415426153 0.732941522979952
1584175731.64603 68.8515 160.413 -3.66473 0.0320617114179386 -0.0122107329188672 -0.682873550412795 0.729730538492916
1584175732.64685 74.9648 160.559 -3.37429 0.0253138100040098 -0.0138953566296375 -0.684588360442323 0.728357677816406
1584175733.64773 80.8197 160.661 -3.17187 0.0137345167233065 -0.0165814388597476 -0.690700623095927 0.722820218443436
1584175734.64858 86.7819 160.611 -2.91462 0.0230036235434325 -0.0155046811398721 -0.696810948682421 0.716718173317049
1584175735.64947 92.9392 160.455 -2.79429 0.0162331004680516 -0.0101804284532291 -0.701728764457392 0.712186482923402
1584175736.6503 98.7107 160.243 -2.55494 0.0303928965299022 -0.0137025366824351 -0.705064810223964 0.708358754948955
1584175737.65115 103.871 160 -2.34585 0.0325967343990611 -0.00726019378173624 -0.706997200569676 0.706427420815054
1584175738.65206 108.892 159.807 -2.14179 0.026425535932845 -0.00909274488859571 -0.708036578600553 0.705622573621816
1584175739.65291 113.524 159.65 -1.95088 0.0232590247479001 -0.0101057641832075 -0.70598681560841 0.707770801520624
1584175740.6538 117.571 159.496 -1.8065 0.0261958541409949 -0.0138384701823915 -0.700834141755424 0.712708762201485
1584175741.65465 121.172 159.385 -1.71211 0.0249194262879074 -0.00979955163559536 -0.701188504159872 0.712472927636737
1584175742.55543 123.804 159.244 -1.57312 0.0195159131705961 -0.00498004510365821 -0.722097470853713 0.691498062810414
1584175743.6563 125.603 158.621 -1.52781 0.0243198318344824 -0.00553505685616315 -0.805122240184935 0.592584244883994
1584175744.65718 127.064 157.711 -1.46711 0.0202687583138136 -0.0130123474722843 -0.875488332210101 0.482638618858512
1584175745.65811 128.277 156.463 -1.45746 0.0211379460012187 -0.0231841554121284 -0.931718614774978 0.361823306405865
1584175746.65896 129.337 154.058 -1.37082 0.0123688952315838 -0.0158996450281389 -0.98272110245434 0.183993061036701
1584175747.65981 129.979 150.747 -1.34133 0.00774618215983505 -0.0139848050071234 -0.997954200024929 0.0619018298878396
1584175748.66067 130.137 147.434 -1.27448 0.0058538433229943 -0.0132861153471883 -0.99918047356812 0.0377835003343744
1584175749.66153 130.277 144.471 -1.25714 0.00178115480036442 -0.0107239465005641 -0.999076105070764 0.041578368602708
1584175750.66246 130.348 141.25 -1.2673 0.00122711383047931 -0.0120888229845002 -0.999524631222984 0.0283348924306067
1584175751.66326 130.321 137.276 -1.28222 -0.00307340950343496 -0.00969833261707021 -0.999865731525947 0.012845832731074
1584175752.66413 130.227 132.815 -1.23334 0.00317344030874746 -0.0124720925190198 -0.999883869245885 0.00816236526276669
1584175753.66503 130.11 128.012 -1.2771 0.00141281626109225 -0.00736716342895691 -0.999915400210013 0.0106264423055375
1584175754.5658 130.065 123.092 -1.24285 -0.00310463012582812 -0.00687581313593932 -0.999826795256233 0.0170136402087273
1584175755.56663 130.013 118.033 -1.19279 -0.00764010188829004 -0.00921902617175045 -0.999749639191292 0.0189023103471931
1584175756.56747 129.987 112.779 -1.15152 -0.0147048471005825 -0.00796380813227667 -0.999711636544808 0.0172333684659276
1584175757.66848 129.896 107.498 -1.1442 -0.0110655018715725 -0.0075825690562437 -0.999898424739601 0.00481658780693005
1584175758.56921 129.663 102.399 -1.16154 -0.00765511107608036 -0.00854151768560899 -0.999934196686111 0.000209875535310177
1584175759.57009 129.476 97.6316 -1.11489 -0.00806085315539973 -0.00831564646833386 -0.999874610277935 0.0107998329509337
1584175760.57097 129.463 93.072 -1.15727 -0.00300211557768072 -0.00913826935603726 -0.9998156654357 0.0166166929502855
1584175761.57181 129.464 88.636 -1.11815 -0.00358917887014872 -0.00871986921325378 -0.999748801713588 0.0203326129207995
1584175762.5727 129.455 84.2679 -1.09551 -0.00362493792851282 -0.00903505737803168 -0.999797589012854 0.0176070601541975
1584175763.57357 129.367 79.819 -1.12743 -0.0036289106682135 -0.00378851043695166 -0.999951228262456 0.0083677531295621
1584175764.57443 129.253 75.5276 -1.15003 -0.00568979276086998 -0.00285407140070436 -0.999979655604092 0.000410989902458782
1584175765.57521 128.971 71.439 -1.19796 0.00264902994874878 0.00478505944162669 0.999947304927088 0.00868753218838873
1584175766.67623 128.815 67.2091 -1.22637 0.00154491081548744 -0.00316767999561699 -0.999854200420407 0.0167079907734583
1584175767.57698 128.926 62.7347 -1.26404 0.000858565267402739 -0.00680212449542838 -0.999474534606941 0.0316804141429442
1584175768.57787 128.985 58.3016 -1.306 -0.000314030458950077 -0.00443209646039807 -0.999560399429496 0.0293132358872812
1584175769.57881 129.13 54.1132 -1.29849 -0.011621214198928 -0.00179119058951308 -0.999465286302894 0.0305103341884139
1584175770.57961 129.125 50.205 -1.35416 -0.00731333868645695 -0.00175932749862825 -0.999722971908837 0.0223024501293729
1584175771.68053 129.091 46.4412 -1.38843 -0.00413271293474896 -0.00494108163009543 -0.999802510276634 0.0188001819317197
1584175772.5813 129.131 42.346 -1.38917 -0.00195029758077121 -0.000293270214983777 -0.999749264484935 0.022305122590095
1584175773.58221 129.16 37.6783 -1.50366 -0.00178958987375266 -0.00357303162048755 -0.999817277026519 0.0186934045160427
1584175774.58304 129.057 32.8566 -1.50357 -0.0108095684485959 -0.0020718729926169 -0.999899708538321 0.00891254381409794
1584175775.5839 128.963 28.0875 -1.53839 -0.00407277204560436 -0.0029392448396325 -0.999968496049924 0.00614656613808806
1584175776.58478 128.733 23.5091 -1.59372 0.00725904380659676 0.002771272513409 0.999951022681222 0.00613013625041137
1584175777.58564 128.312 18.7787 -1.67072 -0.00812432733430135 -1.53216392393837e-05 0.99964449379335 0.0253945092342737
1584175778.58649 127.711 14.2142 -1.68102 -0.0139598350198787 0.00156292288974011 0.998953734338067 0.0435214536784942
1584175779.58733 127.153 10.0519 -1.76545 -0.0181925957066643 0.00236171155757362 0.999071923193114 0.0389710670521664
1584175780.58822 126.811 6.47051 -1.80071 -0.0194665211794005 0.00398128518761943 0.999511198410826 0.0241364490507914
1584175781.58911 126.611 3.47583 -1.86981 -0.0183760404509887 0.00287241221509029 0.999741511427555 0.0130759593895909
1584175782.58994 126.444 0.850521 -1.87239 -0.0153454360296226 0.00438547824610401 0.999854657399658 0.00599576932725284
1584175783.59082 126.354 -1.36982 -1.83035 -0.0175801903549923 0.00168218085038159 0.999844025338999 0.000179356006003978
1584175784.59173 126.301 -2.48983 -1.85965 0.0152867904444957 0.00140130330615585 -0.9998819997646 0.000580459898787075
1584175785.59255 126.287 -2.76522 -1.86654 0.0142904743387198 0.00118834141438848 -0.999896860514941 0.000799074603665404
1584175786.5934 126.298 -2.94817 -1.87396 0.0158602021708104 -0.000673891382249862 -0.999873768888835 0.000667941272052445
1584175787.59424 126.245 -4.13632 -1.90033 0.0190512581804916 -0.00541840861445948 -0.999803709161467 0.000483277145484795
1584175788.59511 126.161 -6.10859 -1.90682 0.0168191130036224 -0.004422427227957 -0.99984815216766 0.00111003698148573
1584175789.59599 126.08 -8.05138 -1.90263 0.0204639492375066 -0.000579325121286963 -0.999790385617426 0.000275664590154688
1584175790.59684 126.023 -9.30215 -1.89883 0.0209065907316156 -0.00312530814782533 -0.999776547027243 5.41040302004943e-05
1584175791.59772 125.99 -10.5661 -2.00902 -0.0197367590612965 0.00834722486348888 0.999768112532311 0.00212257918917228
1584175792.59858 125.96 -11.873 -2.04989 -0.0195182033586535 0.0111053137104628 0.999639976879432 0.0146842898885366
1584175793.59955 125.61 -13.2721 -1.97765 -0.00762094698422639 0.00902273958131039 0.99787358483338 0.0641000782315478
1584175794.60029 124.973 -14.4824 -1.91539 0.00267175418629319 0.00931433650829916 0.982087874255396 0.18817415365957
1584175795.60121 123.89 -15.591 -1.96098 -0.00947392025258518 0.00728407704614259 0.928898482697183 0.370141588989273
1584175796.60202 122.485 -16.2567 -2.02772 -0.0120487271306654 0.0100111180515292 0.847648684892625 0.53032660944902
1584175797.6029 120.722 -16.6026 -2.08299 -0.0109001799817271 0.00513244948177438 0.764238634950691 0.644821023918566
1584175798.60378 118.753 -16.7142 -2.11172 -0.00946147678807371 0.00176505333521784 0.722341769096991 0.69146925720638
1584175799.60461 116.659 -16.712 -2.17219 -0.0104476041837098 -0.00101942590374593 0.714668248679124 0.699384803000152
1584175800.60548 114.326 -16.6898 -2.25998 -0.0123926603569922 -0.00312957042780803 0.714444649206475 0.699575207521286
1584175801.6064 111.371 -16.6432 -2.40927 -0.0153235310492372 -0.000162606290824644 0.716225295176544 0.69770085961295
1584175802.60718 108.042 -16.5864 -2.49757 -0.0138011335862747 -0.00451619394393619 0.717965741007864 0.695926955537019
1584175803.60811 104.384 -16.5637 -2.60231 -0.0157384410558312 -0.00707270174636094 0.719810485634956 0.693956153609944
1584175804.60897 100.349 -16.5028 -2.87022 -0.0186051447838376 -0.00519588667624557 0.717066107038033 0.696737432241544
1584175805.60981 96.0082 -16.4126 -3.13012 -0.019732049740158 -0.00348028905311779 0.715630585333234 0.698191520384466
1584175806.61063 91.1578 -16.3509 -3.31461 -0.0195727639201571 -0.00798228645988504 0.71654852063081 0.697216901399554
1584175807.61154 85.8472 -16.272 -3.67042 -0.0202951585702229 -0.00457500826813557 0.715326093970691 0.698481034189612
1584175808.6124 80.315 -16.1538 -3.90595 -0.0228254384354344 -0.00662961014138972 0.713504973719341 0.700246885110791
1584175809.61321 74.6009 -16.0202 -4.08159 -0.0205601047920782 -0.00526673935136953 0.715114999984061 0.698684535642045
1584175810.61413 68.8672 -15.9271 -4.49091 -0.0243534907459999 -0.00939530643185663 0.716980006491968 0.696604842070677
1584175811.61495 63.1191 -15.8723 -4.79089 -0.0203378372019201 -0.00610502318444926 0.716438051427759 0.697327483709241
1584175812.61584 57.6779 -15.7799 -5.01024 -0.0210482918504497 -0.0119154346094497 0.71595333531806 0.697729040154695
1584175813.61673 52.834 -15.7052 -5.34696 -0.0273307149926535 -0.00838809923451272 0.715526372707978 0.698000488372742
1584175814.61758 48.561 -15.6319 -5.57099 -0.0237289016905845 -0.00992911202045823 0.715305954542803 0.698337843278347
1584175815.61847 44.1109 -15.5464 -5.84138 -0.0209994541267935 -0.00857003427066856 0.714773466337964 0.698988175335025
1584175816.61927 39.3681 -15.4858 -6.14004 -0.0234098294820692 -0.00923057985556436 0.715356484061873 0.698306434876398
1584175817.62017 33.8016 -15.3518 -6.44086 -0.0198254664018068 -0.00434272247495556 0.715630972811553 0.698183645179581
1584175818.62104 27.7557 -15.2292 -6.72859 -0.0228088273212457 -0.00581336442294467 0.715340730167228 0.698379267987054
1584175819.62186 21.5301 -15.131 -7.07132 -0.0241301060515266 -0.00512166630924825 0.714098464030212 0.699610527497872
1584175820.62273 15.3635 -14.976 -7.40147 -0.0230652062017068 -0.00731232582661094 0.713083393438844 0.700661544653066
1584175821.62361 10.0051 -14.847 -7.73872 -0.0227641639007547 -0.00784724325329024 0.712422955588659 0.701337112924692
1584175822.62447 5.84161 -14.7623 -7.98416 -0.0210948820376675 -0.00842539995441603 0.703811891112687 0.710023126747157
1584175823.62534 2.36078 -14.2411 -8.15607 -0.0180012332022058 -0.0111971112403988 0.624865307071956 0.780444699079275
1584175824.62621 -0.315134 -12.7108 -8.34857 -0.0143578970110149 -0.0179696654333421 0.457979188259597 0.888665294156757
1584175825.62709 -1.85977 -10.3986 -8.45041 -0.004358943473672 -0.0285280499274105 0.240828748220399 0.970138476718519
1584175826.62799 -2.30876 -7.24495 -8.58538 0.00998382637086555 -0.0222542947705597 0.0346232970935295 0.999102745904361
1584175827.62878 -2.03425 -3.11672 -8.41339 0.0165039706991811 -0.0105044560329791 -0.0282866205761134 0.999408396227986
1584175828.62967 -1.49982 0.917958 -8.34534 0.0156853510623651 -0.000152216286286634 -0.0639463522822079 0.997830050971633
1584175829.63055 -0.778307 3.82748 -8.30921 0.0140754305105822 0.00584056627275715 -0.0996737062348921 0.994903473874202
1584175830.63135 -0.261509 5.61777 -8.26818 0.0137261835144256 0.00914524815525325 -0.0966796167288515 0.995178882428415
1584175831.63229 0.0507295 7.05404 -8.22996 0.0129034715236696 0.0112540170214643 -0.0833787825412244 0.996370827626673
1584175832.63306 0.327205 8.30468 -8.2143 0.0111073808761092 0.0174978852999897 -0.0539420040743027 0.998328958959195
1584175833.634 0.359716 9.41153 -8.21102 0.0123281760662753 0.0180498114399756 -0.000231297323390527 0.999761054894323
1584175834.63484 0.298848 9.8633 -8.17809 0.0130539668800747 0.0139891550654399 0.0233962707125863 0.999543151647788
1584175835.63568 0.29674 9.87411 -8.17912 0.0136988502668189 0.0153506868080151 0.0236795232258592 0.999507867950866
