1556456283.83376 0 0 0 0 0 0 1
1556456284.83461 0.0102628 -0.00666592 -0.00131705 3.3183239978668e-06 -1.41467306515887e-05 0.000458314402403489 0.999999894868378
1556456285.8355 0.00224045 -0.0124759 0.00201935 6.95233095614989e-06 -1.24012705760593e-06 0.00042763439132808 0.999999908539473
1556456286.83643 -0.00695028 -0.00851471 0.00350618 1.76895905549665e-05 8.82410413715767e-06 0.000636100093959244 0.999999797492921
1556456287.83715 0.00116804 -0.0106433 0.00151488 1.69969414274044e-05 1.25704724008815e-05 0.000454264145688079 0.999999896598581
1556456288.83803 0.000983835 -0.0079786 0.00158406 2.88026122121623e-05 -2.57008292445442e-06 0.000451081936531929 0.99999989784444
1556456289.83888 -0.00146651 -0.0139704 0.00385191 4.44915674765306e-05 -9.50646423137736e-06 0.000500925735767622 0.999999873501759
1556456290.83976 0.00882779 0.000574883 0.00426318 8.79022489812412e-05 -2.229806453406e-05 0.000481650293947535 0.999999879894485
1556456291.84061 0.00813473 -0.00840982 0.00286806 2.29012995092515e-05 -1.58381893234628e-05 0.000533285668445368 0.999999857415529
1556456292.74147 0.000711694 -0.00952281 0.000874043 1.59540378620538e-05 1.38103653808667e-06 0.000517195287709031 0.999999866126289
1556456293.84237 0.000552916 -0.00824691 -0.000400579 -1.97032147209494e-06 -5.50616083745869e-06 0.000461980341233105 0.999999893269976
1556456294.84328 0.00270022 -0.00813349 0.00792388 8.15070430331893e-05 -1.31441451380352e-05 0.000535006378281131 0.999999853475994
1556456295.84414 0.00411857 -0.00751898 -0.000315045 1.55570055730175e-05 7.58866262596362e-06 0.000447506747530442 0.999999899719046
1556456296.845 0.00460855 -0.0114301 0.00146915 5.06183891253367e-06 -2.01812847715222e-05 0.000487496928079955 0.999999880956912
1556456297.84583 0.0074837 -0.0131502 0.00186498 1.81580186946603e-05 -2.42399892687711e-05 0.000501915752042694 0.999999873581636
1556456298.84671 0.00699595 -0.00898329 0.00246052 3.29243913188964e-05 -1.08909740531263e-05 0.000448817723129215 0.999999898680006
1556456299.84761 0.00803535 -0.0106871 -0.00365492 -3.38361265921889e-05 2.47670888164718e-06 0.000413354978094851 0.999999913993319
1556456300.84843 0.00857842 -0.00687485 0.0021337 4.02444073015991e-06 3.69007152198783e-06 0.000512130295793282 0.999999868846365
1556456301.84928 0.00752238 -0.00767675 0.00126571 2.12715836427514e-05 -1.36147678886736e-05 0.000424667174707615 0.99999990950997
1556456302.85016 0.00452879 -0.012827 -0.00137427 3.41905792992243e-06 -1.8910154466832e-05 0.000569925356597599 0.999999837407889
1556456303.85101 0.00400014 -0.00830166 0.00177608 1.1777581352781e-05 -3.49234827836668e-06 0.00038097595820705 0.999999927353203
1556456304.8519 0.00915846 -0.00863106 0.00186693 3.76680231391603e-05 -1.1161590955468e-05 0.000418392810792727 0.999999911701994
1556456305.7527 0.00701526 -0.00456099 0.00160973 3.27911763124441e-05 -2.9220353100792e-06 0.000469791440536236 0.999999889106095
1556456306.85366 0.0174947 -0.00419882 9.70497e-05 5.01773791435171e-06 -4.39138542555538e-06 0.000475327860936072 0.999999887009475
1556456307.8545 0.00400224 -0.00738034 0.000572032 2.22744985208908e-06 7.04762014256944e-06 0.000457655340485978 0.999999895248474
1556456308.85535 0.00679298 -0.0085711 0.00135423 1.28237275565995e-05 -8.69288495418505e-07 0.000547160312635402 0.999999850225183
1556456309.85622 -0.0118871 0.000126433 -0.00346537 -2.52496822380447e-05 6.0895015130773e-06 0.00036629758013302 0.999999932575725
1556456310.75701 -0.430007 0.0212222 0.000971087 0.000107968269699313 0.00034559775871426 -0.000206276264685061 0.999999913177568
1556456311.75786 -1.71159 0.0605772 -0.0116082 0.000424216675161748 0.000943941083754998 0.000213468210747628 0.999999441723227
1556456312.85883 -3.68043 0.154316 -0.0389302 0.000212409614164298 0.0011927851058675 0.00760211862686517 0.999970369530133
1556456313.75966 -6.19056 0.206733 -0.063253 -0.000936582324887871 0.000563878918775578 0.0222738699633394 0.999751308861844
1556456314.76046 -8.55883 0.140309 -0.108399 -0.00197783390706753 0.00199935086969219 0.062141787684565 0.998063369226875
1556456315.76132 -10.787 -0.352503 -0.0817225 -0.00207165068353262 0.00116756125396252 0.166291804920323 0.986073719698738
1556456316.76218 -12.7911 -1.56443 -0.0914712 -0.00284326794911922 0.00118770877121762 0.338475478225598 0.940970167335393
1556456317.76306 -14.1119 -3.62015 -0.0630492 -0.0124846118547293 -0.00192873926283572 0.523906748592233 0.851681943692132
1556456318.76391 -14.6941 -6.04615 -0.0725547 -0.0101832589055041 0.00220694589601256 0.639995011862534 0.768308411654428
1556456319.76473 -15.0471 -8.89306 -0.0582351 -0.00907143201523453 0.00702318832269288 0.680556340128924 0.732605932174523
1556456320.76564 -15.2823 -12.2342 -0.0100142 -0.0096263805357212 0.00770565583086138 0.699573849514127 0.714453906660173
1556456321.76659 -15.4083 -15.9668 -0.021927 -0.00697000153108072 0.00837159392248468 0.711930873219785 0.702165056984729
1556456322.76735 -15.4323 -20.0288 0.080232 -0.00640004802950713 0.00994182528583781 0.720255619360171 0.693607988906776
1556456323.76825 -15.4363 -24.497 0.154301 -0.00519895459473142 0.0101322941687621 0.718383798840001 0.695553754249238
1556456324.76909 -15.5199 -29.3015 0.22535 -0.00715277234313257 0.00926120686543382 0.716943918145658 0.697032629171084
1556456325.76995 -15.6069 -34.5109 0.250876 -0.00269435718024053 0.00817864454858517 0.715153731999792 0.698914150536031
1556456326.77083 -15.6808 -40.0013 0.303428 -0.00143155310313829 0.0115896184716288 0.713009065458997 0.701057561098005
1556456327.77173 -15.8464 -45.7885 0.351858 -0.00140969292570365 0.0130945080969738 0.710033377979797 0.704044848555937
1556456328.77256 -16.0706 -51.7504 0.407576 -0.00173660371092459 0.0124330588968832 0.71092704823247 0.703153706770778
1556456329.77346 -16.279 -57.5822 0.555233 -0.00565572975361635 0.00908820235323944 0.709401821015878 0.704722976522191
1556456330.77431 -16.4593 -63.1789 0.596906 -0.00163502508842944 0.0127308189194346 0.709253073055952 0.704837095578325
1556456331.77518 -16.6219 -68.5354 0.640969 0.00140572662353144 0.00973535566604946 0.710064068539343 0.704068366958828
1556456332.77607 -16.9721 -73.7339 0.686328 -0.00205504457063257 0.0120376673825519 0.685391822831351 0.728072057252384
1556456333.77687 -17.8156 -79.2613 0.807972 -0.00224936700236059 0.0126391403077811 0.661654950569174 0.74969855199785
1556456334.77776 -18.9073 -85.2409 0.831968 -0.00277640728696723 0.0115998257063903 0.658034897029216 0.752892960451821
1556456335.77863 -19.966 -91.6394 0.91285 -0.00651555277947053 0.00700218998794402 0.672007660773058 0.740482424348933
1556456336.77949 -20.6635 -98.4009 0.965611 -0.00724528973527413 0.00600467271678998 0.689363577450933 0.724354407570126
1556456337.78039 -21.2137 -105.549 1.02525 -0.00938346410284394 0.00419231922726457 0.69876353307273 0.715278896591143
1556456338.78123 -21.5719 -112.769 1.06151 -0.00877829888690134 0.00411123825567381 0.70697695489287 0.707170152395491
1556456339.78206 -21.8259 -119.906 1.12587 -0.00581755921796232 0.00435123866543729 0.70930047693799 0.704868821939488
1556456340.78294 -22.058 -126.542 1.16594 -0.00252332827295119 0.00574322856212871 0.710502445472996 0.703666769939439
1556456341.7838 -22.2419 -132.11 1.20357 -0.00550401960140905 0.00593865604189258 0.712737983778605 0.701383635831242
1556456342.78464 -22.293 -136.433 1.2404 -0.0022955052347927 0.00493707098233175 0.713490169736218 0.700644084878774
1556456343.78553 -22.361 -139.232 1.26576 -0.00261914781185494 0.00583079927389698 0.712993725616959 0.701141276117314
1556456344.78637 -22.3993 -140.284 1.27313 -0.00346764958982912 0.00637532863508051 0.712782931844219 0.701347148466917
1556456345.7873 -22.3968 -140.348 1.29359 -0.00421203902263794 0.00670599243019178 0.712840607109526 0.701281368103075
1556456346.78808 -22.3953 -140.347 1.29184 -0.00386567323655284 0.00663061176194063 0.712823670693375 0.70130129477801
1556456347.78896 -22.3996 -140.359 1.28513 -0.0040758246051399 0.00672609770747952 0.712842203211111 0.701280358048439
1556456348.78985 -22.4103 -140.361 1.29443 -0.0040186390010919 0.00665860184810608 0.712863532430701 0.701259650694684
1556456349.79071 -22.4005 -140.357 1.279 -0.00395366971004564 0.00675126556549782 0.712833831594875 0.701289325059819
1556456350.79159 -22.3989 -140.368 1.27907 -0.00403479713095029 0.00680935578451982 0.712785827130069 0.701337092793769
1556456351.79247 -22.3991 -140.356 1.28053 -0.0041143620840207 0.00685930372195539 0.712798638514289 0.701323123039065
1556456352.79333 -22.4043 -140.36 1.28593 -0.00392370593434458 0.00681933570563804 0.712792044426625 0.701331307296621
1556456353.7942 -22.4028 -140.356 1.28716 -0.00407843557044651 0.00684243174537255 0.712854778185064 0.701266434894634
1556456354.79504 -22.4002 -140.365 1.29465 -0.00389125051575483 0.0065852114070651 0.712768219962573 0.701357938410576
1556456355.79592 -22.4048 -140.373 1.28544 -0.00400353413907333 0.00677789987674485 0.712771360976571 0.701352278644096
1556456356.79681 -22.3968 -140.365 1.28935 -0.00375647188283726 0.00674283159981134 0.712938378069672 0.701184207050041
1556456357.79758 -22.402 -140.363 1.28133 -0.00409591881814956 0.00683269803128308 0.712815133980221 0.701306724946658
1556456358.79847 -22.3975 -140.364 1.28704 -0.00392974063771341 0.00667609133437664 0.712844112000168 0.701279729444469
1556456359.79937 -22.4003 -140.369 1.28356 -0.00398473102265927 0.00669666030296212 0.712816041170852 0.701307755631562
1556456360.80022 -22.4011 -140.359 1.29157 -0.00390855782601209 0.00660670872788935 0.712807936688493 0.701317274826023
1556456361.8012 -22.3982 -140.368 1.28905 -0.00411101823494389 0.00674398757321787 0.712780521214868 0.701342674259413
1556456362.80196 -22.3983 -140.358 1.29205 -0.00400229562572359 0.00663849607486985 0.712773163780262 0.701351786904592
1556456363.80278 -22.4015 -140.355 1.28604 -0.00398688312050465 0.00675095216696293 0.712887595523887 0.701234486855855
1556456364.80369 -22.3991 -140.355 1.28748 -0.00404365865504951 0.00675275678010506 0.712865518567665 0.701256587518295
1556456365.80456 -22.4005 -140.366 1.28755 -0.00407645398850889 0.00669124968322055 0.712791782341283 0.701331936195189
1556456366.80543 -22.4007 -140.362 1.28331 -0.00406023997246126 0.00686337314368812 0.712825288641585 0.701296311435828
1556456367.80629 -22.3985 -140.364 1.28002 -0.00396098238571673 0.00679926274376297 0.712806440537272 0.701316660983657
1556456368.80721 -22.4061 -140.414 1.28082 -0.00442016934798164 0.00695331010518589 0.712718701875406 0.701401572266953
1556456369.808 -22.4138 -140.8 1.29299 -0.00399415354113002 0.00670762023485396 0.713170392269144 0.700947249198504
1556456370.80886 -22.4333 -141.606 1.28714 -0.00433943516081648 0.00713501160123166 0.714050728679016 0.70004415416808
1556456371.80974 -22.4575 -142.725 1.2753 -0.00487962765038145 0.00770677823324457 0.714339737032107 0.699739619358628
1556456372.81061 -22.5332 -144.332 1.27151 -0.00516367838303774 0.00801253231626247 0.704437137413832 0.709702370845444
1556456373.81148 -22.7072 -146.398 1.28574 -0.00523439192324608 0.00813346505593908 0.685811588118322 0.727714857268974
1556456374.81234 -23.2421 -149.396 1.32511 -0.00548850052942764 0.00857909596876673 0.620829616757636 0.78387936726952
1556456375.81322 -24.911 -152.898 1.36967 -0.00335955597179309 0.00620930461884451 0.50648681342092 0.862218803872048
1556456376.81405 -27.8641 -155.854 1.32375 -0.00697803501699683 -0.00075216100090448 0.348941882674913 0.937118084232941
1556456377.81494 -31.5909 -157.7 1.31249 0.00109217234254432 -0.00479194259880711 0.18912108275725 0.981941475090257
1556456378.81579 -36.2038 -158.548 1.19479 0.00817903384794835 -0.0104507443117665 0.0703535383161339 0.997433839908715
1556456379.81669 -41.4207 -158.778 1.07066 0.015319923144068 -0.00846566080704753 0.0156049786588223 0.999725020784724
1556456380.81751 -46.9857 -158.404 0.953103 0.0176235157834584 -0.0125782951028069 -0.0133275889549161 0.99967673452791
1556456381.71829 -52.6733 -157.954 0.769756 0.00829408098418391 -0.00872153874684159 -0.0137308491263937 0.999833289486194
1556456382.81927 -58.2619 -157.567 0.565753 0.00627443577831202 -0.00816052551297384 -0.0140080190872098 0.999848894923762
1556456383.82011 -63.7654 -157.223 0.440051 0.00673262585963579 -0.00709517591245081 -0.0086034632278857 0.999915151724531
1556456384.82092 -69.6847 -156.919 0.312854 0.0119460072975349 -0.00626567587150531 -0.00726105255398828 0.99988264878001
1556456385.72175 -76.1614 -156.541 0.197651 0.01089989219148 -0.00775514197859681 -0.00921283481724849 0.999868078197187
1556456386.72262 -83.1419 -156.074 0.0495843 0.00812867342627761 -0.00806166199295102 -0.0125844942579947 0.999855271916146
1556456387.72349 -90.2025 -155.644 -0.172587 0.00659596562318408 -0.0083417185664789 -0.0104071326877163 0.999889294151145
1556456388.72434 -97.5069 -155.214 -0.300348 0.00428940767044758 -0.00832406676363498 -0.00494243458859323 0.999943940045985
1556456389.72516 -105.207 -154.89 -0.501216 -0.000333278026751361 -0.00805965717272091 0.00232015636276201 0.999964773242772
1556456390.72602 -113.18 -154.695 -0.70898 0.0115750993159439 -0.00955148534215455 0.00879993820360136 0.999848662194033
1556456391.72689 -121.378 -154.528 -0.978462 0.00218362762988108 -0.01056657699061 0.0145179509604049 0.999836390776504
1556456392.72776 -129.717 -154.451 -1.21441 0.000528461114248962 -0.0126423684768772 0.0164850881770619 0.999784043239309
1556456393.72865 -138.108 -154.368 -1.42916 0.0056477528341285 -0.0102003789448183 0.0129013101889685 0.999848794244767
1556456394.72951 -146.312 -154.192 -1.64842 0.00679623074342781 -0.0123914648762432 0.00431683006498505 0.999890807950595
1556456395.73044 -154.297 -153.89 -1.92766 0.012678781008046 -0.0036625221136054 0.00303686397392703 0.999908301746276
1556456396.73126 -162.372 -153.601 -2.08478 0.00498418977676412 -0.0135649165647911 0.00131651814340642 0.99989470329172
1556456397.73216 -170.541 -153.22 -2.32421 0.00656404488596867 -0.00836824644243891 -0.00752375691366746 0.999915135823095
1556456398.83306 -178.767 -152.624 -2.51292 0.00484262550444003 -0.00751697386932179 -0.020253753704027 0.999754884730737
1556456399.73385 -187.016 -151.862 -2.73849 -0.00953013383506664 -0.0109524127209484 -0.0224716246291281 0.999642059584931
1556456400.73474 -195.11 -151.211 -3.0151 -0.0123536275425382 -0.00793484360840199 -0.0149550553684114 0.999780362110788
1556456401.73561 -202.988 -150.763 -3.23091 -0.00883888425841932 -0.00961557868309114 -0.00212279697717388 0.99991245041986
1556456402.73649 -210.624 -150.456 -3.43404 -0.00310656281479256 -0.0134774818975528 0.00423992900081993 0.999895359400796
1556456403.7374 -217.933 -150.188 -3.61438 -0.012996655725199 -0.00973011263356067 0.00501726708729104 0.999855609015159
1556456404.73817 -225.053 -150.009 -3.79144 -0.0121512180571765 -0.00725524992382425 0.00786742075536878 0.99986889787558
1556456405.73906 -231.895 -149.888 -3.95219 -0.00640958919760857 -0.0107724576893604 0.0134923888412072 0.999830399000254
1556456406.7399 -238.509 -149.777 -4.14522 -0.00862767834515817 -0.0106294516517936 0.018463075055517 0.999735811493941
1556456407.84084 -245.284 -149.722 -4.35963 -0.00388014820449776 -0.0113243213759002 0.0142791850916464 0.999826389463893
1556456408.74164 -252.205 -149.646 -4.60558 -0.00214542149198267 -0.00679524304002833 0.0169629955180788 0.999830724983836
1556456409.84261 -259.484 -149.702 -4.8086 -0.00111764433800746 -0.0103189930037454 0.0266763421952923 0.999590237057967
1556456410.74338 -266.818 -149.882 -4.98052 0.000260437173947561 -0.0119045442629448 0.039952042147256 0.999130646275368
1556456411.74423 -274.236 -150.397 -5.26437 0.00131429686648332 -0.0089951518300976 0.0633874346372367 0.997947590305929
1556456412.74509 -281.923 -151.096 -5.44863 0.0026123903028437 -0.0112598589263425 0.0655070090221237 0.997785158620251
1556456413.746 -289.751 -151.645 -5.73872 -0.00343120389655078 -0.017683530460631 0.0515999718200877 0.998505364281251
1556456414.74678 -297.583 -151.959 -6.12667 0.00524886738450671 -0.0138019886347172 0.0311629716243932 0.999405234977506
1556456415.74768 -305.2 -152.001 -6.40395 0.00688526954408851 -0.0144814274868362 0.0191707880535042 0.999687632316543
1556456416.74854 -312.639 -151.922 -6.72108 0.007151493487934 -0.0153599103795803 0.0128954641732347 0.999773292450734
1556456417.74937 -319.807 -151.803 -6.95824 0.00633017082510924 -0.0153602315646358 0.0127137133497352 0.999781152911209
1556456418.75026 -326.496 -151.71 -7.18981 0.0074412887167039 -0.0158786511948178 0.0120259823992739 0.999773910144589
1556456419.75115 -332.384 -151.574 -7.46296 0.00773152188348955 -0.0159488688183711 0.00942175476184822 0.999798523548613
1556456420.75288 -337.76 -151.44 -7.67284 0.00755854295198067 -0.016557214066103 0.00817377627222044 0.999800938423376
1556456421.75288 -343.097 -151.296 -7.8988 0.00796583148510636 -0.0136961781138637 0.00708462169314838 0.999849372840374
1556456422.75373 -348.813 -151.154 -8.09269 0.00835470443766238 -0.0162146623901951 0.00671488722859533 0.999811079117869
1556456423.75461 -354.911 -150.944 -8.30157 0.00860562825527845 -0.0163757197827679 -0.000466636690734222 0.999828765946513
1556456424.75548 -361.335 -150.625 -8.58933 0.0253455927799311 -0.00848708989349833 -0.0171179127326447 0.999496146713659
1556456425.75629 -368.028 -149.862 -8.87654 0.00595306011122752 -0.0213958037472829 -0.0355451967227261 0.999121273743715
1556456426.7572 -374.912 -149.143 -9.22584 0.00737646285219027 -0.0215761839488363 -0.0271936224431947 0.999370083092551
1556456427.75808 -382.021 -148.537 -9.51047 0.00587902937602682 -0.0213896596753254 -0.0162880748280955 0.999621237314896
1556456428.75891 -389.351 -148.007 -9.93862 0.00292433657237628 -0.0230194901988176 -0.0128851246746142 0.99964770038685
1556456429.75979 -396.811 -147.516 -10.3196 0.00290301702756498 -0.0205627323937079 -0.00860698263996346 0.999747301260912
1556456430.76066 -404.283 -147.157 -10.7238 0.00209818376435722 -0.0257559920951712 0.00122886238133975 0.999665302185353
1556456431.7615 -411.715 -146.927 -11.1476 -0.00127768724710038 -0.0233778713691612 0.0104726213581522 0.999671029312861
1556456432.76241 -419.181 -146.878 -11.5292 0.00367239499426587 -0.0240067214756432 0.0192859474179299 0.999519005857913
1556456433.76326 -426.557 -146.845 -11.9168 -0.00374804569503837 -0.0242786180930074 0.0209826965803081 0.999477977396791
1556456434.7641 -434.017 -146.86 -12.3201 0.00524682587394585 -0.0217710078260105 0.0176783254891676 0.99959290255803
1556456435.76496 -441.366 -146.773 -12.6839 -0.00160278837769355 -0.0177668905577044 0.0151455694684583 0.99972615270123
1556456436.76583 -448.542 -146.645 -12.996 -0.0109653312683996 -0.0203879090735607 0.0144870416879105 0.9996270405991
1556456437.76671 -455.476 -146.521 -13.3504 -0.0131530471374061 -0.0218406943964442 0.0130974080254989 0.999589135256229
1556456438.76759 -462.227 -146.445 -13.7047 -0.00975722674871236 -0.0203168487056628 0.00898990919593777 0.999705558510852
1556456439.76842 -468.699 -146.225 -14.0332 -0.0124875286057989 -0.0201316251696114 -0.00304850855391454 0.99971470224907
1556456440.76927 -474.971 -145.709 -14.4294 -0.0236760307902655 -0.0216888427530318 -0.0269501340346477 0.9991209786315
1556456441.77015 -481.221 -144.903 -14.7909 -0.0202910577874229 -0.0207026322540093 -0.0584088628738285 0.997871774693226
1556456442.771 -487.356 -143.633 -15.1426 -0.0190306671878262 -0.0312354977046825 -0.105337814430173 0.993763614870559
1556456443.77193 -493.236 -141.652 -15.5075 -0.01653682805503 -0.0219439495335464 -0.170381497025172 0.984994995859476
1556456444.77276 -498.906 -138.802 -15.9036 -0.013089545374801 -0.0274303780774205 -0.239690298308018 0.970373535839382
1556456445.77362 -504.216 -135.045 -16.3223 -0.0158806587590177 -0.0231620491179805 -0.305261337472629 0.951854421643592
1556456446.77449 -509.299 -130.596 -16.7668 -0.00990085087291119 -0.0219462259732824 -0.352721476871464 0.935418567311519
1556456447.77535 -514.015 -125.623 -17.1451 -0.0055169673074345 -0.0228368931981746 -0.38475045782069 0.922721585630006
1556456448.77621 -518.541 -120.385 -17.5098 -0.00727128688232183 -0.0266485682281702 -0.40339916788523 0.914607070576195
1556456449.7771 -522.758 -115.271 -17.8442 -0.00402135376597765 -0.0218573203130414 -0.408727045444691 0.912386041423627
1556456450.77794 -526.846 -110.266 -18.1955 -0.0056884757931747 -0.024141200289044 -0.408096596903415 0.912601781330503
1556456451.77881 -530.358 -106.036 -18.5034 -0.0082499339596654 -0.025617679987261 -0.401449577413718 0.915485614226722
1556456452.77967 -533.221 -102.803 -18.7724 -0.00708335017837074 -0.0232877908800355 -0.388426338261099 0.921158229997025
1556456453.78048 -535.864 -99.9537 -18.9563 -0.00628783206322069 -0.0264024002552787 -0.380846405157943 0.924239899651047
1556456454.78142 -538.524 -97.1432 -19.2129 -0.00798447032378697 -0.0259360258197889 -0.374063376221163 0.92700602013598
1556456455.78228 -540.97 -94.6517 -19.429 -0.000375417799870553 -0.0292591407323152 -0.371925076140117 0.927801433219011
1556456456.78311 -543.044 -92.4529 -19.595 0.00464738178279441 -0.0288759639657173 -0.387947349918656 0.921217365358854
1556456457.78401 -545.325 -89.801 -19.7333 0.00822643025751145 -0.0319793687166243 -0.401344474816447 0.915331775017133
1556456458.78484 -547.982 -86.6584 -19.9597 0.0166427344888889 -0.0335125596517704 -0.416184402375718 0.9085100279873
1556456459.7857 -550.6 -83.0483 -20.2148 0.0158438417687891 -0.0255028629142392 -0.441544377397336 0.896736939938342
1556456460.78658 -552.983 -78.9892 -20.4425 0.019834582264239 -0.0265690872789578 -0.509433153832157 0.859871231478405
1556456461.78746 -554.381 -74.5408 -20.4943 0.0131528225390254 -0.0228137351001594 -0.610009074387933 0.791956732349952
1556456462.78832 -554.574 -70.1104 -20.5789 0.0259888163866336 -0.0261085132234203 -0.715509329132647 0.697631225565652
1556456463.78923 -553.637 -65.6022 -20.6234 0.0260533130215979 -0.0435181792521371 -0.785723324862411 0.616495133575551
1556456464.79 -551.706 -61.4145 -20.6165 0.0294514978843752 -0.0388179002248251 -0.849663532097644 0.525069197456733
1556456465.79093 -548.736 -57.6269 -20.4864 0.0366677726406213 -0.0402353513767425 -0.909701738030075 0.411678683895859
1556456466.79178 -544.705 -54.3745 -20.2784 0.0337864144024982 -0.0300838253222978 -0.941469820810296 0.334047927937339
1556456467.79268 -540.012 -50.9516 -20.119 0.0360581902690084 -0.025372322609999 -0.943633347672424 0.32804291993645
1556456468.79352 -535.012 -47.1916 -19.8478 0.0323267345571352 -0.0292120123071422 -0.940045878024956 0.338253437200762
1556456469.79438 -529.664 -43.0588 -19.6447 0.0291587507648066 -0.0261402538691757 -0.937027071201853 0.347054350522175
1556456470.79521 -524.039 -38.6132 -19.4436 0.0332547843913094 -0.0252411973520836 -0.937804984135804 0.344643022563008
1556456471.79613 -518 -33.943 -19.1511 0.029400940413322 -0.0245844976124783 -0.939472598390516 0.340473822860623
1556456472.79696 -511.738 -29.148 -18.9079 0.0300503444254963 -0.0235979402077611 -0.939989454999125 0.339057426564155
1556456473.79784 -505.174 -24.1598 -18.639 0.0271385191643483 -0.0246834556031888 -0.940527972839016 0.337729714571258
1556456474.79868 -498.271 -18.9698 -18.4055 0.0269845660333136 -0.0170755404068259 -0.940100607102374 0.339398155035581
1556456475.79957 -491.12 -13.4353 -18.1194 0.029281275208162 -0.0227720761977136 -0.939362828991588 0.34091276740062
1556456476.80042 -483.661 -7.7028 -17.8129 0.028255590492093 -0.0278123791682084 -0.93970874093566 0.339669803456331
1556456477.80131 -476.067 -1.88295 -17.5865 0.0290959590235548 -0.0251808947253123 -0.938480324479065 0.343182208564199
1556456478.80211 -468.335 4.12912 -17.3143 0.0267406098968119 -0.0263491887193359 -0.937955741504488 0.344716821485325
1556456479.80299 -460.476 10.2537 -17.0595 0.028555891186891 -0.0287147521160475 -0.937832384769696 0.34471791680535
1556456480.80386 -452.473 16.4992 -16.8008 0.0289060383152012 -0.0296040910425066 -0.937910470065579 0.344400913012484
1556456481.80472 -444.434 22.7824 -16.5173 0.0273885758540132 -0.0312680232192204 -0.938292778500513 0.343334877998782
1556456482.70551 -436.503 28.9032 -16.2336 0.0266323182715604 -0.0323931333227987 -0.938896513919988 0.341635391442261
1556456483.80651 -428.881 34.8115 -16.0043 0.0292629097652344 -0.0315094410509904 -0.938420465388406 0.342808791277199
1556456484.80735 -421.629 40.3686 -15.7992 0.0258236444610063 -0.0323740507039049 -0.939193817248986 0.340881260659854
1556456485.8082 -414.709 45.6707 -15.5502 0.0280147837786229 -0.0275583443368128 -0.939307425126191 0.34081853037952
1556456486.70902 -408.173 50.6903 -15.3222 0.0270749136493558 -0.0327150879656891 -0.939585415999029 0.339670307963779
1556456487.80991 -401.987 55.3338 -15.1868 0.0267062773275173 -0.033256699573437 -0.940909317704404 0.335961936150244
1556456488.81076 -396.387 59.5216 -15.0212 0.0282481031413741 -0.0330105029015996 -0.942477518319154 0.331433973560445
1556456489.81167 -391.522 63.0769 -14.8583 0.0272741821694743 -0.0334146264652539 -0.943850077977061 0.327546350961004
1556456490.81252 -387.39 66.0304 -14.694 0.0253742584791597 -0.0329249767421592 -0.944847647522699 0.324861533401512
1556456491.81341 -384.305 68.2234 -14.6362 0.0265019902661618 -0.0318849323361094 -0.944219047433645 0.326697698285975
1556456492.81426 -382.376 69.6204 -14.579 0.0260304670144571 -0.0295233805595577 -0.943839104791439 0.328052631530126
1556456493.81513 -381.286 70.4081 -14.5257 0.0241012707046427 -0.0293470250716757 -0.943517827579755 0.329138253487868
1556456494.81602 -380.794 70.7741 -14.5071 0.0240431106098765 -0.0288559422658883 -0.94329062213643 0.329836422515187
1556456495.81685 -380.753 70.8037 -14.5114 0.0247668092526794 -0.0290286002388368 -0.943263220486793 0.329846088963473
1556456496.81771 -380.754 70.8011 -14.5126 0.024996981654422 -0.029053957514833 -0.943247782973752 0.329870638851045
1556456497.81855 -380.747 70.8156 -14.5195 0.0248898728219885 -0.0288466711663182 -0.943269303961863 0.329835389242619
1556456498.81943 -380.752 70.8034 -14.5245 0.0247018139043888 -0.0284803096186434 -0.943262336501223 0.329901283556329
1556456499.82034 -380.749 70.7947 -14.5165 0.0250635798807743 -0.0290642459674273 -0.943235320957236 0.329900312016532
1556456500.82116 -380.743 70.8004 -14.5084 0.0248322680299838 -0.0286336682818365 -0.943278549742614 0.329831849736624
1556456501.82203 -380.76 70.8051 -14.5171 0.0245689361336026 -0.0283850982041864 -0.943250444559561 0.329953409461687
1556456502.82292 -380.76 70.7968 -14.5088 0.0246436460677229 -0.0288889822834761 -0.943234252512105 0.32995039369433
1556456503.82377 -380.75 70.8022 -14.5144 0.0246770836282466 -0.0289990431302348 -0.943235393138419 0.329934978703603
1556456504.8246 -380.759 70.8062 -14.5045 0.0247835015273221 -0.0286026313488564 -0.94323909411662 0.32995102494465
1556456505.8255 -380.751 70.8039 -14.5082 0.024567786723851 -0.0286638032423387 -0.943249089455517 0.32993327428514
1556456506.82636 -380.748 70.8017 -14.5146 0.024845551237552 -0.0289620206524429 -0.94326612348103 0.329837718031915
1556456507.82721 -380.757 70.8159 -14.5264 0.0249514216620519 -0.028635556321771 -0.943297411431516 0.329768744816402
1556456508.82806 -380.546 70.9747 -14.5269 0.0266949046994257 -0.0280266659114166 -0.943131463333388 0.330158947980515
1556456509.82897 -379.314 71.8779 -14.4902 0.0285706365474086 -0.0272562076257344 -0.942336327398745 0.332329751809531
1556456510.82978 -377.438 73.2957 -14.4409 0.02688674087587 -0.02815781850176 -0.941386827692606 0.335074739527091
1556456511.8307 -376.057 74.3342 -14.3866 0.0254265401291457 -0.0293797662675249 -0.940517869905532 0.337515120816072
1556456512.83152 -375.266 74.9332 -14.3831 0.0267622920076972 -0.0289181736782175 -0.94003525436352 0.338793800874991
1556456513.83235 -374.186 75.7389 -14.3331 0.0273321313640868 -0.0267734038655417 -0.939501243988243 0.340402044625312
1556456514.73318 -372.319 77.2429 -14.2641 0.0285055179888436 -0.0281555833467721 -0.938523551234051 0.342882257268608
1556456515.83408 -369.643 79.3217 -14.1827 0.0287907982139954 -0.0302413112755207 -0.938224213929184 0.343499457681527
1556456516.7349 -366.222 81.9126 -14.0553 0.0301137881893867 -0.0269190547218351 -0.939727756900968 0.339529479078978
1556456517.73576 -362.166 85.002 -13.8178 0.0302796309688322 -0.0313299925835597 -0.944351114014951 0.326040716739222
1556456518.73663 -357.3 88.3611 -13.7516 0.0287160288337075 -0.0398484837722949 -0.947621533404321 0.315596130295533
1556456519.73749 -351.775 92.066 -13.5505 0.0287706865236154 -0.0364465479470857 -0.952021356814379 0.30248840128013
1556456520.73837 -345.705 95.9124 -13.3808 0.0294436607012417 -0.0401794906633278 -0.955271027855899 0.291506333916914
1556456521.73924 -339.089 99.8855 -13.1903 0.0293540850243361 -0.040945850049372 -0.958017676501476 0.282247952281027
1556456522.74013 -331.889 104.114 -12.9765 0.0307431084428763 -0.0376508662144837 -0.958729563774072 0.280133712898227
1556456523.74098 -324.192 108.544 -12.7202 0.0286298897291314 -0.039335318670948 -0.959481287381276 0.277540485847241
1556456524.74183 -316.179 113.103 -12.4918 0.0264682441252737 -0.0373365420379443 -0.960656980383626 0.27394083434528
1556456525.74268 -307.791 117.84 -12.2175 0.0283667050539739 -0.0356748508060692 -0.961003280030121 0.272755074811989
1556456526.74355 -299.065 122.692 -11.942 0.0275336648576462 -0.033808147633768 -0.961765573335548 0.270381005989002
1556456527.74444 -290.079 127.67 -11.7128 0.0265085132904318 -0.0417659733446491 -0.96302548535404 0.26482978826469
1556456528.7453 -281.09 132.59 -11.4714 0.027102422199574 -0.0424352572709246 -0.962122003561429 0.26792901655888
1556456529.74616 -272.154 137.622 -11.1757 0.0281410913070482 -0.0429974764366996 -0.959428828001084 0.277228461743362
1556456530.74702 -263.11 142.694 -10.9469 0.0254555710195035 -0.0324516455369012 -0.960820798919143 0.274084470502068
1556456531.74784 -254.038 147.758 -10.7002 0.0263900450721438 -0.0375650893890765 -0.962384660562341 0.267783858166597
1556456532.74877 -244.728 152.831 -10.4648 0.0256500546296738 -0.0394882164796427 -0.962467804771989 0.267279778947343
1556456533.74962 -235.313 157.93 -10.244 0.0226393680446239 -0.0357114382686408 -0.963240209710205 0.265293140862642
1556456534.75053 -225.819 163.047 -10.014 0.024649731147205 -0.0345699205636536 -0.96355875418278 0.264105733721026
1556456535.75131 -216.108 168.23 -9.79696 0.0231102584190637 -0.0322207147439541 -0.963493434657921 0.264779423045439
1556456536.7522 -206.239 173.56 -9.55126 0.0232960139063315 -0.0348177360260841 -0.963744720539911 0.263516858332711
1556456537.75305 -196.194 178.853 -9.33999 0.0246058590915802 -0.0350181371746154 -0.964427565083631 0.260859643245258
1556456538.75394 -185.956 184.237 -9.1071 0.0236270069852411 -0.0346334193175295 -0.964651424538859 0.260172865499933
1556456539.75479 -175.632 189.689 -8.86173 0.0215674103236968 -0.0352012219201335 -0.964233491013979 0.261819585963797
1556456540.75566 -165.23 195.314 -8.68351 0.0224199104073199 -0.0363543851249086 -0.962760056168079 0.266962133170146
1556456541.75653 -154.723 201.074 -8.4664 0.019677254066738 -0.036493393074061 -0.962346093562843 0.268646671557029
1556456542.7574 -144.179 206.86 -8.29714 0.0203602770423577 -0.0356546563328998 -0.96243535235357 0.268388519017862
1556456543.75825 -133.498 212.68 -8.08795 0.0202820424297708 -0.0383693896090945 -0.962844899599915 0.266544795504118
1556456544.75912 -122.783 218.459 -7.90111 0.0222308109599083 -0.0423034159342936 -0.964418522648434 0.260025239576791
1556456545.76 -111.94 224.087 -7.75369 0.024115386691457 -0.0425907228489453 -0.965477199295827 0.255848111370422
1556456546.76089 -101.044 229.712 -7.54457 0.0232288977592628 -0.0381048036099102 -0.965589712709653 0.256212702573525
1556456547.7617 -90.3448 235.236 -7.37526 0.0170086080120499 -0.0391808697116962 -0.965418180848535 0.257183403020556
1556456548.76257 -79.9486 240.608 -7.26306 0.0196784977964253 -0.039575470270706 -0.966563132480038 0.252591072304042
1556456549.76345 -69.9497 245.532 -7.08613 0.0175549243877832 -0.0397684466078067 -0.969704372141857 0.240382457623488
1556456550.7643 -60.4968 249.798 -6.88657 0.0174417462845243 -0.0376878966836556 -0.974707576115678 0.219591778062859
1556456551.76515 -51.8097 253.271 -6.69425 0.0185206031255079 -0.0383129079692409 -0.979067673980305 0.199036675287753
1556456552.76601 -44.2368 255.896 -6.51203 0.0187888585652204 -0.03617718300563 -0.983133781808799 0.178286727744725
1556456553.76689 -38.1636 257.819 -6.36065 0.0220115538625173 -0.0358800908304218 -0.984290387555796 0.171465866993462
1556456554.76775 -33.6179 259.224 -6.24291 0.0224134078187017 -0.0359697653436996 -0.984907039236325 0.167815193572596
1556456555.76866 -30.5465 260.18 -6.14987 0.0215809776523952 -0.0381356783907977 -0.985264001910184 0.165332325868747
1556456556.76948 -28.6313 260.727 -6.12278 0.0213211048224927 -0.0382488513762461 -0.985526792621744 0.163766226317408
1556456557.77036 -27.5879 261.041 -6.10151 0.0214797270538342 -0.0385014002726705 -0.985669575325186 0.162824297268573
1556456558.77127 -27.274 261.139 -6.10535 0.0219344247677633 -0.038246955729094 -0.985721856527518 0.162506839706848
1556456559.77211 -27.2809 261.137 -6.09448 0.0222797417126916 -0.0382557910748066 -0.985697366337786 0.162606302317007
1556456560.77295 -27.2746 261.138 -6.09697 0.0221929942645535 -0.0381831333386362 -0.985713713608438 0.162536131793146
1556456561.77384 -27.2803 261.133 -6.10133 0.0222182364518064 -0.0381018791065465 -0.98571216099095 0.162561165264255
1556456562.77467 -27.281 261.14 -6.09959 0.0223188259099443 -0.0381850296989161 -0.985702878518663 0.162584159120485
1556456563.77549 -27.2826 261.138 -6.09693 0.02235928210574 -0.0381386593424356 -0.985718988396067 0.162491787739295
1556456564.67631 -27.2721 261.144 -6.10058 0.0223586056250081 -0.0382319313307486 -0.985717959174466 0.162476204849056
1556456565.67724 -27.289 261.144 -6.10628 0.0222459069891026 -0.0383194055430734 -0.985708357963892 0.162529307576159
1556456566.67806 -27.267 261.145 -6.10049 0.0222739971593313 -0.0381931462962881 -0.98570984884945 0.162546136551231
1556456567.67894 -27.2781 261.141 -6.1006 0.0222595555466743 -0.0382636507352393 -0.985709796414377 0.162531850638584
1556456568.6798 -27.2788 261.136 -6.09912 0.0223260831164925 -0.0382496636156724 -0.985693184437352 0.16262673642337
1556456569.68066 -27.278 261.138 -6.0987 0.0221596184612695 -0.0382695923565674 -0.98571173835829 0.162532330547467
1556456570.68151 -27.285 261.133 -6.10675 0.022315834998993 -0.0383114177557993 -0.985694132542538 0.162607859124497
1556456571.68236 -27.2858 261.137 -6.10519 0.0222084573319431 -0.0382564388509292 -0.9857020388219 0.162587576314214
1556456572.68325 -27.2803 261.135 -6.10228 0.0222339874610223 -0.0382129499983345 -0.985711968869665 0.162534103132535
1556456573.68411 -27.2799 261.147 -6.09729 0.0221178858009365 -0.0382442156120547 -0.985705863331524 0.162579611556219
1556456574.68495 -27.2845 261.135 -6.10837 0.0223849714244564 -0.0384266238795493 -0.985685031180058 0.162626341467533
1556456575.68584 -27.2832 261.141 -6.09885 0.0223463380949681 -0.0385211179662258 -0.985682259907348 0.162626096147947
1556456576.68672 -27.284 261.137 -6.10773 0.022194317086489 -0.0382583202117821 -0.985704009697173 0.162577115519231
1556456577.68757 -27.2798 261.136 -6.106 0.0223582765924712 -0.0383215021947674 -0.98569075888045 0.162620102678095
1556456578.68843 -27.275 261.142 -6.10826 0.0223991002539148 -0.0383214797959968 -0.985693082298525 0.162600405912452
1556456579.68932 -27.2723 261.14 -6.09755 0.0223159339004037 -0.0383055473236736 -0.985707686115852 0.162527049042676
1556456580.69018 -27.2805 261.137 -6.10333 0.0222220400155939 -0.0383043720593815 -0.985700865619974 0.162581547337684
1556456581.69103 -27.2809 261.123 -6.10953 0.0221862761798634 -0.0382210955151165 -0.985703421504802 0.162590534289737
1556456582.69189 -27.281 261.141 -6.10011 0.0222974698196658 -0.038132144870729 -0.985701251132675 0.162609365913151
1556456583.69278 -27.2848 261.14 -6.10343 0.0223402274162543 -0.038352275031782 -0.98569276849292 0.162603146893406
1556456584.69356 -27.286 261.138 -6.11111 0.0223190578528533 -0.0383566657372635 -0.985687283627393 0.162638263472446
1556456585.69446 -27.276 261.141 -6.1114 0.0222207841516157 -0.038372606164891 -0.985694276280718 0.162605576642481
1556456586.69533 -27.2848 261.134 -6.10654 0.0222721108319125 -0.0381796779895468 -0.985706502737878 0.162569848766514
1556456587.69623 -27.275 261.141 -6.09268 0.0222938399482519 -0.0381089282931906 -0.985703537375127 0.162601447382451
1556456588.69706 -27.286 261.145 -6.0976 0.0222595003407195 -0.0382222016401175 -0.985699326852187 0.162605089063994
1556456589.69791 -27.2803 261.141 -6.10794 0.0222275499794898 -0.0382365166178337 -0.98569778976145 0.162615411564326
1556456590.69877 -27.2817 261.142 -6.10499 0.0221219074402683 -0.0383404630080953 -0.98570446320956 0.162564883404388
1556456591.69972 -27.2868 261.143 -6.09521 0.0221322381320217 -0.0383414028222819 -0.985706259426999 0.162552363844151
1556456592.70059 -27.2776 261.137 -6.10442 0.0223295222696282 -0.038265073792144 -0.985701872426712 0.162569970343128
1556456593.7014 -27.2803 261.147 -6.09429 0.0221999420745245 -0.0382904327967385 -0.985708166019662 0.162543584217528
1556456594.70221 -27.2752 261.144 -6.09184 0.0221102441210678 -0.0383310072772541 -0.98570330693336 0.162575710629404
1556456595.70311 -27.2916 261.14 -6.09691 0.0221748523681981 -0.0382737872568238 -0.98570386557686 0.162577004887846
1556456596.70393 -27.2832 261.142 -6.10037 0.0222271401460397 -0.0381627381059887 -0.98572349522743 0.162476923339291
1556456597.60475 -27.2781 261.151 -6.09931 0.0221139936155363 -0.03827420240759 -0.985716727587504 0.162507198827061
1556456598.70569 -27.2789 261.135 -6.10178 0.0221350611733396 -0.0382884189354274 -0.98571517713916 0.162510386128984
1556456599.70655 -27.2928 261.139 -6.11628 0.022170466315411 -0.0384003476240408 -0.985702203012885 0.162557838018518
1556456600.70743 -27.285 261.143 -6.10402 0.0222702682380581 -0.0382859158363793 -0.985713538219228 0.162502444204713
1556456601.70829 -27.2873 261.144 -6.10319 0.0221221046278855 -0.0382634348995083 -0.98570201107871 0.162597870194876
1556456602.70916 -27.2698 261.149 -6.08703 0.0223617214253093 -0.0382146427867863 -0.985716223321945 0.162490373781025
1556456603.71001 -26.9973 261.231 -6.08073 0.0227979976903851 -0.0384039309649204 -0.985757103424838 0.162136739930292
1556456604.71091 -26.1614 261.473 -6.02009 0.0249888689590563 -0.0381158696023967 -0.98556863597762 0.163025153549427
1556456605.71177 -23.9763 262.131 -5.95779 0.0243219287308688 -0.0380466776592143 -0.985213724065435 0.165271933536895
1556456606.71263 -20.7113 263.104 -5.91157 0.0202846881663811 -0.0354426106760732 -0.984748326534034 0.169124469438566
1556456607.71354 -16.5901 264.39 -5.80318 0.0134429536690125 -0.0279468443690811 -0.984197265327137 0.174338761636784
1556456608.71437 -12.0899 265.833 -5.77169 0.0175283519773661 -0.0290685130071477 -0.984585336234563 0.171579410479179
1556456609.71521 -7.39593 267.113 -5.6319 0.0215542436293723 -0.0279658582937928 -0.99138258230437 0.126150310562348
1556456610.71603 -2.57785 267.588 -5.45622 0.0238619110031446 -0.0259320326948918 -0.999108684297023 0.0232373803571184
1556456611.71694 2.17601 267.046 -5.21716 -0.0212148602892787 0.0334327606284668 0.995473554122056 0.0863978197830725
1556456612.61777 6.76361 265.278 -4.98939 -0.0224647409375415 0.0231646823844358 0.975358448180943 0.218253592104918
1556456613.71865 10.9221 262.015 -4.6962 -0.0287515869441286 0.0223334933088876 0.92448834792669 0.379467858813623
1556456614.71958 14.106 257.042 -4.36367 -0.0294332425097024 0.0159300644219154 0.868733733253544 0.494147364649696
1556456615.62031 16.8246 250.898 -4.05906 -0.0216227688416496 0.0238727720057817 0.836732688644529 0.546663474523475
1556456616.62119 19.5833 244.055 -3.48586 -0.0258033091526284 0.0324154607170476 0.841990011453473 0.537899849187427
1556456617.72211 22.3628 236.838 -2.9926 -0.0241543000571717 0.0306875101197944 0.828860787764336 0.558090172837759
1556456618.72299 24.9096 229.572 -2.45496 -0.0258405931994446 0.0295166417054512 0.828829488989735 0.558124278083786
1556456619.62382 27.8888 221.873 -1.84875 -0.0276751031982957 0.0288083136243361 0.842350092319529 0.53744812930958
1556456620.62463 31.6484 213.765 -1.32616 -0.0232962640556303 0.0321247634955066 0.858979094870554 0.510470565485191
1556456621.72562 36.0864 205.094 -0.701321 -0.0263730909407254 0.0350190718123601 0.859863446991118 0.508638356017501
1556456622.62637 40.7587 195.402 -0.00213237 -0.0305346188063333 0.0253181417448574 0.854923662380746 0.517235111196477
1556456623.62726 45.4814 185.016 0.803712 -0.0299659979827655 0.0251881006009871 0.847861127105629 0.52877131890467
1556456624.62808 49.9837 174.475 1.61619 -0.0280979331241178 0.0359946500577213 0.843461291926978 0.535245682226628
1556456625.62891 54.3284 164.248 2.59229 -0.0383973996262689 0.0347743582137483 0.846267825512449 0.530233110259247
1556456626.62984 58.6404 154.774 3.60222 -0.0379399212056181 0.0349041690564472 0.853541265154858 0.51846848509744
1556456627.63075 62.8379 146.07 4.51693 -0.037935556930354 0.0482356701285307 0.859813837650253 0.506906676058602
1556456628.63152 67.1026 138.011 5.57957 -0.0394479691466296 0.0454939471871547 0.868289577206418 0.492389448114233
1556456629.63241 71.527 130.21 6.4776 -0.0412610431799735 0.0454788621975051 0.87395972035008 0.482103315290955
1556456630.7334 76.297 122.366 7.38355 -0.0315743444086473 0.0454141231008796 0.883934457833046 0.464328000936343
1556456631.83436 81.1404 114.998 8.14295 -0.0274778790964944 0.0261421332983588 0.896781024959941 0.440846173056733
1556456632.73516 85.6952 108.935 8.60843 -0.0192185938939406 0.0305159459151045 0.904567758600378 0.424801827673015
1556456633.83606 89.2062 104.452 9.00835 -0.0177549216865088 0.0288119503355461 0.908812811772681 0.415829180591745
1556456634.73682 91.5098 101.555 9.12565 -0.0136774987398447 0.0260256332224781 0.91106545365304 0.411212027552175
1556456635.83784 92.5326 100.321 9.18895 -0.0140793511214114 0.0262988940307695 0.911854060516769 0.409429251964046
1556456636.83868 92.6172 100.22 9.22045 -0.0148706077790064 0.0273664477370326 0.911949866089901 0.409117812251129
1556456637.8395 92.6217 100.216 9.21744 -0.0148219700810807 0.0273826964964628 0.911881927129796 0.409269896412561
1556456638.84046 92.6387 100.211 9.22172 -0.0149166075279705 0.0275336831434311 0.911880180083763 0.409260220743256
1556456639.84127 92.63 100.209 9.21408 -0.0150579954895302 0.0276964411690379 0.911816754903384 0.409385355619702
1556456640.84211 92.6375 100.21 9.21767 -0.0150061224448967 0.0273972716663063 0.911888004805388 0.409248668276955
1556456641.84299 92.6255 100.213 9.22773 -0.0148172585237723 0.0273583005303431 0.91189424551645 0.409244251316881
1556456642.84384 92.632 100.216 9.20802 -0.015227938205173 0.027080178749334 0.911938999984831 0.409147936721658
1556456643.84474 92.6318 100.214 9.2072 -0.0150490831202693 0.0274578734356677 0.911885223312027 0.409249226986203
1556456644.84559 92.62 100.21 9.2161 -0.015071703590264 0.0273505721848753 0.911938363125438 0.409137155257431
1556456645.84644 92.6281 100.204 9.20559 -0.0151971076818231 0.0274959675588645 0.911896090339641 0.409216984140916
1556456646.84742 92.6337 100.214 9.20048 -0.0154011309479818 0.0273192507438665 0.911849847119681 0.409324223583372
1556456647.74812 92.7261 100.092 9.19251 -0.0160892595336343 0.0277009498264393 0.912042868189432 0.408841778309367
1556456648.74903 93.5853 99.0088 9.26051 -0.0166733224920874 0.0282212368235706 0.912354387118488 0.408087042694168
1556456649.74977 95.5151 96.6885 9.37624 -0.013606260838739 0.026119192440587 0.912984192240952 0.406930611001897
1556456650.75066 98.1016 93.6185 9.49194 -0.00910164215783624 0.0239251603961481 0.913522265234429 0.405982533775785
1556456651.75157 101.242 89.911 9.62201 -0.00823736231260349 0.0264260678022634 0.91625475231307 0.399638633851077
1556456652.75243 105.06 85.6633 9.76501 -0.00182875367320163 0.0302484026485659 0.922232119158099 0.385447283283168
1556456653.75327 109.378 81.1382 9.90303 0.00487159049336734 0.0317326158211416 0.927599603427965 0.372193880147826
1556456654.75416 113.973 76.3123 9.90155 0.011621585069048 0.0306871719959256 0.92608601223651 0.375882872947482
1556456655.75501 118.463 71.0245 9.89266 0.00458309388304384 0.0122257718816298 0.911058686498016 0.412069891534031
1556456656.7559 122.553 65.1025 9.90482 -0.0129741506417303 -0.00928940936501436 0.885601617645491 0.464171469515808
1556456657.75673 125.762 58.3753 9.83776 -0.0190835470359236 -0.0352389261100867 0.837048787287555 0.545658651557517
1556456658.75758 127.345 50.8191 9.65434 -0.0296711451319523 -0.0414572791762143 0.749844163670437 0.659647365915492
1556456659.75846 126.742 42.7818 9.4662 -0.0464492810540914 -0.0373198137627274 0.645697489827655 0.761265030998101
1556456660.75931 123.949 35.0993 9.44204 -0.0564382035803926 -0.0226944468791565 0.543111825568622 0.83745402034081
1556456661.76016 119.608 28.2741 9.63112 -0.0599905549698322 -0.0091525319928031 0.470701386590758 0.880203140834018
1556456662.76103 114.801 22.1873 9.91759 -0.0611267552680825 0.0029544702961055 0.444361522141851 0.893754792174812
1556456663.76192 110.385 16.8984 10.3131 -0.0407145046788731 0.00402482063464372 0.438458911908715 0.897819532253247
1556456664.76283 106.963 12.9052 10.4572 -0.0272994592938083 -0.00449091240927105 0.426450858229967 0.904087516086204
1556456665.76368 104.769 10.4712 10.4716 -0.0254894826047411 -0.00693735816426946 0.422375247853874 0.906036041964459
1556456666.86459 103.847 9.45307 10.4664 -0.0253960877499945 -0.00557580267984211 0.421046806188424 0.906666165768856
1556456667.76537 103.733 9.32959 10.4728 -0.0264473354260497 -0.0026667317063308 0.420670228420059 0.906824120715745
1556456668.76619 103.546 9.12124 10.4711 -0.0263907747463298 -0.00218836640698623 0.420435116242555 0.906936078834041
1556456669.76714 103.211 8.7516 10.4681 -0.0250504549604934 -0.0016395356673656 0.419880185961821 0.907232283412431
1556456670.76799 102.873 8.38363 10.4656 -0.025655458552251 -0.00169573473440955 0.41945574035003 0.907411595593528
1556456671.76885 102.468 7.94528 10.4624 -0.0253458253561062 -0.000902697813153048 0.418765804522704 0.907740037255231
1556456672.76973 101.501 6.91661 10.4884 -0.0225842621692591 0.00164748220692582 0.416533650398508 0.908838244678524
1556456673.77057 99.6128 4.95034 10.5224 -0.0224553127779961 0.00371703869449445 0.409844612020981 0.911871337716433
1556456674.77136 96.838 2.10163 10.5578 -0.0199132990679707 -0.00159027491205321 0.39648829237617 0.917822404147209
1556456675.77225 93.1033 -1.16028 10.541 -0.0180990890686691 -0.0024311248728301 0.349442385071468 0.936779873888365
1556456676.77315 88.4923 -4.24218 10.4158 -0.0242499845984936 -0.0204911848457891 0.287733639792268 0.957184100433392
1556456677.774 83.0294 -6.92833 10.0157 -0.0183833497295965 -0.0360398878939884 0.213978348165759 0.976000228201593
1556456678.77487 77.0301 -8.78798 9.85393 0.000902729565134949 0.0137717889074872 0.119365489285152 0.992754452459084
1556456679.77574 71.0749 -9.396 9.92847 -0.00870988299929581 0.00352756724048752 0.0555971776846723 0.99840905847303
1556456680.77662 64.6358 -9.59101 9.88564 -0.00913599335160733 -0.00771858978416982 0.02606879933068 0.999588602725481
1556456681.77749 57.5348 -9.58834 9.63846 -0.0040493602899723 -0.0197195526249167 0.0184134055324354 0.999627774935357
1556456682.77831 49.8315 -9.50638 9.19324 -0.0030357026805751 -0.0225174371473215 0.0119164655328642 0.999670819511481
1556456683.77928 41.6714 -9.28622 8.76664 -0.00624060200983371 -0.0232789416886363 0.00340430898062224 0.999703734333716
1556456684.78006 33.7428 -8.97641 8.29071 -0.0041213755034193 -0.0235159958501342 -0.00283930364710432 0.999710933499247
1556456685.78096 26.7373 -8.62372 7.9369 -0.000418003025989607 -0.0224321874321344 -0.0038989085431693 0.999740676752052
1556456686.78179 20.593 -8.31628 7.65295 0.00256120307974492 -0.0226189206894708 -0.00111107228992164 0.999740261359917
1556456687.78265 15.6 -8.11545 7.33247 -0.000964067628177456 -0.0222215495136142 0.000363633462570866 0.999752539922519
1556456688.78351 11.8609 -7.99499 7.1724 -0.00267073255531528 -0.0243916306285378 -0.00210330196168014 0.999696699836384
1556456689.78442 9.2992 -7.85833 7.01887 -0.00266037727404228 -0.022736787504434 -0.00533551333761215 0.999723708423564
1556456690.78524 7.62009 -7.74704 6.95225 -0.0017599115520084 -0.0228224665258349 -0.00912793420570263 0.999696313162224
1556456691.7861 6.73577 -7.66308 6.9027 -0.00255104605157681 -0.0221518276014511 -0.0105283107008171 0.999695925455208
1556456692.78698 6.42534 -7.6376 6.87684 -0.0034644441606069 -0.0222264488768157 -0.0110501706085019 0.99968588883034
1556456693.78786 6.43877 -7.63187 6.90494 -0.00336587464995552 -0.0222290202016041 -0.0113429217641512 0.999682889557769
1556456694.78872 6.42803 -7.64328 6.89113 -0.00337981279913711 -0.0219010803580046 -0.0110144452232593 0.999693753877166
1556456695.78954 6.42965 -7.63486 6.90785 -0.00330340925477626 -0.0220439889589222 -0.0113547766464768 0.99968706057715
1556456696.79047 6.43168 -7.63937 6.88348 -0.00339135058537083 -0.0219600449231283 -0.0110956501153216 0.999691523279406
1556456697.79126 6.43239 -7.63242 6.89772 -0.00345364300971487 -0.0222283879395593 -0.0112938438428355 0.999683159911591
1556456698.79216 6.42705 -7.63914 6.90423 -0.00333590338359133 -0.0220873879101768 -0.0111180937345609 0.999688655049976
1556456699.79302 6.42622 -7.63552 6.88656 -0.00321292835384908 -0.0219034328092334 -0.0110398496145299 0.999693972395079
1556456700.7939 6.43559 -7.64217 6.89201 -0.00342581851166373 -0.0220917206256058 -0.0111425544481915 0.999687982886508
1556456701.79474 6.43807 -7.64054 6.89265 -0.00337302807236709 -0.0220695659739011 -0.0110853867041517 0.999689287299292
1556456702.79565 6.43569 -7.64356 6.89362 -0.00330131208507607 -0.0219748907356758 -0.0109676099813142 0.999692911371772
1556456703.79643 6.44369 -7.63924 6.89684 -0.00349591756711196 -0.0221952663930401 -0.0109923330629114 0.999687109711804
1556456704.79743 6.42455 -7.64176 6.90283 -0.00335330431272394 -0.0223217456899207 -0.0111307238596939 0.999683250837934
1556456705.79826 6.44061 -7.64066 6.90419 -0.00332480460559488 -0.0222982355269528 -0.0109702845737824 0.999685644201761
1556456706.79913 6.45098 -7.63291 6.89756 -0.00331000773392226 -0.0217399817666094 -0.0112056186778737 0.999695379178895
1556456707.79991 6.44134 -7.63834 6.88999 -0.00337109023640561 -0.0220521223865514 -0.0109099080661657 0.999691609224992
1556456708.80076 6.43176 -7.64177 6.90585 -0.00338984698303115 -0.022378193399011 -0.0110016468760906 0.999683294430612
1556456709.80165 6.43959 -7.63745 6.89172 -0.0034354914217061 -0.0219780404206354 -0.0110587719865055 0.999691385728671
1556456710.80249 6.44277 -7.64466 6.90391 -0.00349798420863327 -0.0221288339284605 -0.0111480481048833 0.999686850888264
1556456711.80336 6.44331 -7.63831 6.89261 -0.0033784726222882 -0.021952878860635 -0.0110326073559045 0.999692422001588
1556456712.80429 6.4416 -7.6398 6.89008 -0.00351209380912916 -0.0223091888040846 -0.0111740483792525 0.999682502565088
1556456713.80513 6.43579 -7.64733 6.88623 -0.00356086061299016 -0.0221820348908781 -0.0110411981332234 0.999686635673188
1556456714.80596 6.43256 -7.63826 6.89402 -0.00335218504090218 -0.0219905719863888 -0.0110084126470477 0.9996919487773
1556456715.80684 6.42827 -7.64544 6.90357 -0.00340696482996356 -0.0222252535646667 -0.0112638867617161 0.999683727760762
1556456716.80767 6.4433 -7.64865 6.89437 -0.00369837323647337 -0.0225294030011612 -0.0111307139156467 0.999677375578513
1556456717.80857 6.43752 -7.63613 6.90023 -0.00335894487693536 -0.0220540079836002 -0.011021393857777 0.99969038561877
1556456718.80944 6.42231 -7.64999 6.88641 -0.00373348799829283 -0.0224281100289688 -0.0113378934836356 0.999677194457915
1556456719.81033 6.4416 -7.64014 6.89951 -0.00339926192226199 -0.0223105326754505 -0.0110659307328696 0.999684065256187
1556456720.81112 6.43879 -7.63416 6.90927 -0.00333146261489545 -0.0224134203194687 -0.0111929915504795 0.9996805774279
1556456721.81204 6.43883 -7.62878 6.88461 -0.00372992448999287 -0.0223106348333202 -0.011113352108047 0.999682357872517
1556456722.81292 6.43533 -7.63883 6.89522 -0.00347222507609855 -0.0220271370361647 -0.0112567976669727 0.999687968014668
1556456723.81379 6.427 -7.64211 6.89759 -0.00350912182657963 -0.0222993583360289 -0.0111910538296517 0.999682542108238
1556456724.81462 6.43414 -7.63908 6.89496 -0.00348345142452797 -0.0223060287859813 -0.0111509397454031 0.999682931328112
1556456725.81545 6.43242 -7.63812 6.90354 -0.00335939977586011 -0.0221726066464952 -0.0110667455257783 0.999687259642291
1556456726.81634 6.42593 -7.63778 6.89689 -0.00348098558827095 -0.0222188785707828 -0.0110757278066568 0.999685716827016
1556456727.81723 6.43112 -7.63823 6.89763 -0.00345652139593743 -0.0222436516410582 -0.0110340028684208 0.999685712212698
1556456728.81813 6.42656 -7.63681 6.90418 -0.00334554839801978 -0.0222209945308847 -0.0111646584109901 0.999685142987801
1556456729.81894 6.44327 -7.6399 6.89991 -0.00336639553062424 -0.0221263011195686 -0.0110960442315963 0.99968793729959
1556456730.81984 6.43662 -7.63815 6.90553 -0.00343783056517501 -0.0220947590560374 -0.0111522890109703 0.999687765951488
1556456731.82068 6.43549 -7.63731 6.90738 -0.00331425103383552 -0.0221438133826164 -0.011153585822276 0.999687083437745
1556456732.82151 6.42951 -7.63657 6.9015 -0.00346288546355435 -0.0223110255539181 -0.0112085240064101 0.999682247292907
1556456733.82245 6.4399 -7.63177 6.88941 -0.00335449691872403 -0.0219204150758794 -0.0112740686014567 0.999690521176676
1556456734.82328 6.43719 -7.64 6.88957 -0.00345048579645767 -0.0220291786588264 -0.0111017051457833 0.999689732656209
1556456735.82415 6.44148 -7.63326 6.90281 -0.00337134603940116 -0.0224179969181602 -0.0111557398317603 0.999680757496545
1556456736.82505 6.44169 -7.63813 6.89268 -0.00338691703809845 -0.0220427353988624 -0.011326246791343 0.999687132428308
1556456737.82587 6.43677 -7.63391 6.9023 -0.00346270055438919 -0.0222903837114405 -0.0112792208552654 0.999681913248292
1556456738.82674 6.44158 -7.63221 6.89472 -0.00329315738613098 -0.021890504125782 -0.0112328532193384 0.999691844496144
1556456739.8276 6.42439 -7.63172 6.88462 -0.00332656498399074 -0.0217320970330251 -0.0112037588653499 0.99969551650052
1556456740.8285 6.42347 -7.63836 6.89144 -0.00348677474604178 -0.0219633290500308 -0.0111933967579732 0.999690033184251
1556456741.82932 6.2048 -7.61607 6.86738 -0.00341249805436965 -0.0207078606761703 -0.0117605164155924 0.999710572924426
1556456742.8302 4.87788 -7.54797 6.79321 -0.00165737609228508 -0.016576392923697 -0.0136351779316263 0.999768252258943
1556456743.73098 2.1957 -7.33963 6.66596 -0.00387799875708727 -0.0190870115439927 -0.014898955834412 0.99969928890192
1556456744.83187 -1.28902 -7.11221 6.52072 -0.00469761929736107 -0.0204322214564542 -0.0111078127845807 0.999718496975241
1556456745.7327 -4.91471 -6.89104 6.29736 -0.00590449976489673 -0.0204131994618218 0.00284652574637806 0.999770141313209
1556456746.73361 -8.356 -6.97232 6.11176 -0.0104492663658591 -0.0186067002984388 0.0729586441499114 0.997106634107018
1556456747.43417 -11.6479 -7.95001 6.00027 -0.0255911623734846 -0.0174080207407536 0.230425273214138 0.972597679766127
1556456748.63522 -14.3596 -10.2312 5.95717 -0.0313289707110555 -0.0186388634999467 0.449289693294168 0.892642067046612
1556456749.73616 -15.653 -13.8177 5.94729 -0.0320827141884334 -0.00471730391709737 0.653674790621893 0.756080494788406
1556456750.73703 -15.9306 -18.743 6.06792 -0.0278106930269171 0.0013634680836101 0.712922992092069 0.700689313215664
1556456751.83796 -16.0425 -24.7054 6.18544 -0.0259033344851001 0.000684860441536542 0.709582721905841 0.704145516922053
1556456752.83884 -16.4179 -31.5806 6.47196 -0.0254744057106454 0.00150895964166018 0.697222576726078 0.716400346313385
1556456753.83971 -17.1676 -39.0822 6.68081 -0.0249664633609533 0.00159513488705577 0.677297499259523 0.73528377429992
1556456754.84058 -18.2888 -47.1436 6.86513 -0.02563318336689 -0.00121227498217206 0.670764152005731 0.741226633819832
1556456755.7413 -19.4438 -55.6747 7.02833 -0.0256582089733258 0.000520509413250806 0.675663200852074 0.7367636150059
1556456756.74221 -20.4337 -64.5418 7.21924 -0.0253827868512409 0.000715100980501586 0.685642495491403 0.727495409702751
1556456757.74307 -21.3051 -73.5567 7.36681 -0.0239722567365523 -0.000289349923924747 0.690847972760225 0.722602467278285
1556456758.74389 -22.0752 -82.7552 7.60635 -0.0340585480550615 -0.00153206932294248 0.690729042117239 0.722309530910241
1556456759.74485 -22.8913 -91.9813 7.81524 -0.0261942950367862 -0.00737470222362791 0.695251980057961 0.718250761851405
1556456760.64557 -23.4651 -101.266 7.97559 -0.0262134410260237 -0.00428643268668197 0.699745151945053 0.713898595273721
1556456761.74654 -24.0019 -110.507 8.19271 -0.027607781052255 -0.0037214319919886 0.703915302424031 0.709737422137642
1556456762.74741 -24.4501 -119.652 8.38971 -0.0242351783346547 -0.00171912339318701 0.70387244341217 0.709910757877938
1556456763.74824 -24.9023 -128.738 8.53971 -0.023446943830938 0.000905587717704215 0.703206390896467 0.710598474905653
1556456764.74911 -25.4252 -137.244 8.71774 -0.0204494233800816 -0.00162408016414959 0.699453297762723 0.714383837790228
1556456765.75001 -25.8837 -144.303 8.85943 -0.0199908433372338 -0.00156800652176254 0.694959887991616 0.718768851315146
1556456766.8509 -26.57 -150.299 8.96757 -0.019922612608732 -0.00155426873408435 0.672124248623145 0.740168675484391
1556456767.75167 -27.9071 -155.305 9.02071 -0.0182275532691547 -0.00329132618764446 0.586009943587992 0.810092136420139
1556456768.75288 -30.4078 -159.469 9.0072 -0.0169354187770351 -0.00669640030564689 0.452568804065008 0.891543508417262
1556456769.75344 -34.0935 -162.328 8.91624 -0.00965869744964324 -0.0204421021466278 0.259399451900396 0.965505439848568
