1 0 0 0 0 1 0 0 -0 0 1 0
0.999992 0.00178166 -0.00364535 0.95771 -0.00177766 0.999998 0.00109819 -0.00611767 0.0036473 -0.0010917 0.999993 0.0440805
0.999986 0.00258784 -0.00452776 1.9177 -0.00258946 0.999997 -0.000351332 -0.00979466 0.00452683 0.000363052 0.99999 0.0550404
0.999994 0.0029087 -0.00170366 2.88172 -0.00291193 0.999994 -0.00189702 -0.0114729 0.00169813 0.00190197 0.999997 0.0548612
0.999994 0.00177277 0.00289701 3.83074 -0.00175834 0.999986 -0.00497917 -0.0108208 -0.0029058 0.00497405 0.999983 0.0535963
0.999994 0.000668282 0.00344545 4.77301 -0.000647289 0.999981 -0.00609059 -0.0132568 -0.00344946 0.00608832 0.999976 0.0738747
1 6.50469e-05 0.000846065 5.70748 -5.805e-05 0.999966 -0.00826736 -0.0177591 -0.000846574 0.00826731 0.999965 0.0808933
0.999997 -0.00127544 -0.00189835 6.64525 0.00126004 0.999966 -0.00809436 -0.0107687 0.00190861 0.00809195 0.999965 0.0966427
0.999994 -0.00212556 -0.00270734 7.57298 0.00210506 0.999969 -0.0075505 0.00153569 0.00272331 0.00754476 0.999968 0.102773
0.999995 -0.0027789 -0.00131925 8.48711 0.00276777 0.999961 -0.00836633 0.00901826 0.00134245 0.00836264 0.999964 0.108308
0.999993 -0.00365525 0.00125017 9.4227 0.00366584 0.999956 -0.00857671 0.0118421 -0.00121876 0.00858123 0.999962 0.116682
0.999985 -0.00467517 0.00296878 10.3388 0.00470239 0.999946 -0.00922945 0.0178203 -0.00292548 0.00924327 0.999953 0.128716
0.99998 -0.00500861 0.00387064 11.2563 0.00505089 0.999927 -0.0109918 0.0264156 -0.0038153 0.0110111 0.999932 0.140086
0.999973 -0.00624909 0.00383791 12.1672 0.00629315 0.999913 -0.0115777 0.0350103 -0.00376522 0.0116016 0.999926 0.148506
0.999973 -0.00687073 0.0025497 13.0653 0.00690044 0.999906 -0.0118311 0.0488605 -0.00246817 0.0118484 0.999927 0.15471
0.999969 -0.00783822 0.000598518 13.9621 0.00784485 0.999897 -0.012025 0.0552964 -0.000504202 0.0120293 0.999928 0.166049
0.999953 -0.00964401 -0.000677902 14.8702 0.00963471 0.999874 -0.0125935 0.0663901 0.000799269 0.0125864 0.99992 0.175038
0.999936 -0.0112705 -0.00140137 15.7737 0.0112518 0.999856 -0.0127037 0.0836085 0.00154434 0.0126871 0.999918 0.18225
0.999917 -0.0127515 -0.00205322 16.6629 0.0127266 0.99985 -0.011748 0.0983185 0.00220271 0.0117208 0.999929 0.200415
0.999896 -0.0142612 -0.00219413 17.5468 0.0142385 0.999848 -0.0100375 0.116914 0.00233695 0.0100052 0.999947 0.208953
0.999874 -0.0158195 -0.00157044 18.4442 0.0158022 0.99982 -0.0105103 0.133958 0.00173643 0.0104842 0.999944 0.222347
0.999853 -0.0171362 -0.000777876 19.3352 0.0171273 0.999801 -0.0102007 0.149827 0.000952522 0.0101859 0.999948 0.229311
0.99983 -0.0184545 -0.000137216 20.213 0.0184523 0.999782 -0.0097502 0.170617 0.000317121 0.00974601 0.999952 0.24582
0.999799 -0.0200599 -6.36628e-05 21.0803 0.0200581 0.999743 -0.0105877 0.187019 0.000276034 0.0105843 0.999944 0.261339
0.999764 -0.0216974 -0.000455004 21.9615 0.0216917 0.999714 -0.0100627 0.216591 0.000673207 0.0100504 0.999949 0.271487
0.999741 -0.0227555 -0.000131776 22.8227 0.0227529 0.999687 -0.0103946 0.235544 0.000368269 0.0103889 0.999946 0.28201
0.999716 -0.0237972 0.001592 23.6857 0.0238125 0.999662 -0.0104727 0.255451 -0.00134224 0.0105077 0.999944 0.282196
0.999685 -0.0247456 0.00428251 24.5295 0.0247928 0.999628 -0.01133 0.27728 -0.00400055 0.0114327 0.999927 0.296688
0.999667 -0.0251619 0.0057246 25.3495 0.0252274 0.999614 -0.011669 0.302241 -0.00542877 0.0118096 0.999916 0.304938
0.999652 -0.0258984 0.00493971 26.1915 0.025951 0.999604 -0.0109151 0.335471 -0.00465507 0.0110395 0.999928 0.317814
0.999645 -0.0264967 0.00260944 26.9947 0.0265206 0.999602 -0.00961684 0.362178 -0.00235358 0.00968264 0.99995 0.325768
0.999619 -0.0275899 0.000687985 27.7978 0.027595 0.999578 -0.00910958 0.389384 -0.000436362 0.00912509 0.999958 0.330715
0.999605 -0.0281075 0.000475821 28.5836 0.0281104 0.99957 -0.008317 0.417824 -0.000241847 0.00832709 0.999965 0.340472
0.999562 -0.0295892 -4.27017e-05 29.3725 0.0295877 0.999525 -0.00860792 0.44305 0.000297383 0.00860289 0.999963 0.358604
0.999506 -0.0314113 -0.000821933 30.1426 0.0314034 0.999473 -0.00824471 0.460368 0.00108048 0.00821482 0.999966 0.365598
0.999445 -0.0333018 -0.00114891 30.9151 0.0332915 0.999413 -0.00803889 0.498373 0.00141594 0.00799618 0.999967 0.378442
0.999372 -0.0354354 -0.000205348 31.6754 0.0354328 0.999343 -0.00766813 0.523444 0.000476936 0.00765603 0.999971 0.387752
0.999297 -0.037448 0.00189532 32.4245 0.0374623 0.999265 -0.00813903 0.560132 -0.00158913 0.00820431 0.999965 0.395467
0.999225 -0.0392219 0.00335226 33.17 0.0392455 0.999203 -0.00731007 0.587534 -0.00306287 0.00743597 0.999968 0.403986
0.999139 -0.0413453 0.00358057 33.884 0.041368 0.999123 -0.00652271 0.640127 -0.00330775 0.00666521 0.999972 0.411255
0.999073 -0.0429473 0.00289822 34.5987 0.0429591 0.999068 -0.00416186 0.669323 -0.00271678 0.0042825 0.999987 0.420079
0.998997 -0.0447179 0.00212807 35.3073 0.0447225 0.998997 -0.0021566 0.710535 -0.0020295 0.00224961 0.999995 0.431841
0.998927 -0.0462184 0.00306766 36.0089 0.0462223 0.99893 -0.00123494 0.74559 -0.0030073 0.00137541 0.999995 0.435171
0.998867 -0.0473637 0.00457485 36.7028 0.047365 0.998878 -0.000167127 0.778211 -0.0045618 0.000383626 0.99999 0.438973
0.998856 -0.0475537 0.00508497 37.3851 0.0475423 0.998866 0.00233805 0.823124 -0.00519039 -0.00209362 0.999984 0.442711
0.998918 -0.0463967 0.00333835 38.041 0.0463777 0.998908 0.00556388 0.870001 -0.00359285 -0.00540304 0.999979 0.456726
0.999006 -0.044562 0.000515768 38.6898 0.0445571 0.998981 0.00724808 0.906699 -0.000838232 -0.0072179 0.999974 0.461682
0.999097 -0.0424688 -0.00143571 39.3352 0.0424786 0.999068 0.00767966 0.933434 0.00110823 -0.00773371 0.999969 0.47214
0.999229 -0.0392504 -0.000865382 39.9692 0.0392565 0.999191 0.00876216 0.963275 0.000520763 -0.00878938 0.999961 0.47552
0.999357 -0.0358103 0.00174503 40.5918 0.0357838 0.99927 0.0133805 0.992008 -0.00222291 -0.0133094 0.999909 0.485364
0.999466 -0.0323232 0.00476938 41.2235 0.0322336 0.999322 0.0177922 1.01042 -0.00534124 -0.017629 0.99983 0.483286
0.999587 -0.0280797 0.00605884 41.8219 0.0279378 0.99936 0.022361 1.05123 -0.00668285 -0.0221825 0.999732 0.494072
0.999721 -0.0227201 0.00650846 42.4182 0.0225406 0.999396 0.0264329 1.06938 -0.00710509 -0.0262788 0.999629 0.501341
0.999821 -0.0169256 0.00846615 42.9744 0.0166656 0.999414 0.0298935 1.09446 -0.00896716 -0.0297471 0.999517 0.503546
0.999895 -0.010464 0.0100377 43.5239 0.0101081 0.999341 0.0348728 1.10049 -0.010396 -0.0347676 0.999341 0.504923
0.999947 -0.00298318 0.00989212 44.067 0.00260423 0.99927 0.0381022 1.12134 -0.00999857 -0.0380744 0.999225 0.510829
0.999937 0.00400484 0.0104568 44.5755 -0.00443301 0.999139 0.0412501 1.11748 -0.0102826 -0.0412938 0.999094 0.518727
0.999878 0.011655 0.0104393 45.0607 -0.0121178 0.998894 0.0454243 1.12672 -0.0098983 -0.0455453 0.998913 0.521574
0.999778 0.0192383 0.00862726 45.5341 -0.0196478 0.998546 0.0502009 1.11382 -0.00764894 -0.0503593 0.998702 0.522939
0.999605 0.0274452 0.0060565 45.9613 -0.0277229 0.998268 0.0518821 1.1193 -0.0046221 -0.0520295 0.998635 0.535919
0.999353 0.0354291 0.00617728 46.3963 -0.0357068 0.997961 0.0529048 1.0974 -0.00429031 -0.0530911 0.99858 0.529937
0.999038 0.0432114 0.0075312 46.8038 -0.0435439 0.997712 0.0517175 1.0749 -0.00527918 -0.0519957 0.998633 0.541405
0.998642 0.0513125 0.00906129 47.164 -0.0517228 0.997249 0.0531044 1.06851 -0.00631144 -0.0535009 0.998548 0.544038
0.99815 0.0600139 0.0097582 47.5212 -0.0604667 0.99661 0.0557936 1.04929 -0.00637673 -0.0562804 0.998395 0.544113
0.99759 0.0686153 0.0102772 47.8518 -0.0691144 0.995765 0.0606262 1.0268 -0.00607375 -0.0611904 0.998108 0.549473
0.996901 0.077861 0.0112455 48.1529 -0.0784274 0.994825 0.0645865 1.02039 -0.00615854 -0.0652683 0.997849 0.54906
0.996126 0.0870911 0.0121448 48.4479 -0.0876929 0.994093 0.06394 0.986676 -0.00650446 -0.0647573 0.99788 0.555469
0.995164 0.0975633 0.0113642 48.7086 -0.0980879 0.993187 0.0629207 0.948465 -0.00514803 -0.0637311 0.997954 0.563474
0.993931 0.109711 0.00800374 48.9659 -0.109996 0.992013 0.0617338 0.914529 -0.00116694 -0.0622395 0.998061 0.570499
0.992381 0.123089 0.00533096 49.2342 -0.123181 0.990424 0.0623359 0.88072 0.00239297 -0.0625177 0.998041 0.579259
0.990357 0.138481 0.00411627 49.4925 -0.138459 0.9883 0.0639757 0.842935 0.00479129 -0.0639287 0.997943 0.575272
0.987934 0.154824 0.00405936 49.7664 -0.154758 0.985802 0.0651505 0.802303 0.00608514 -0.0649926 0.997867 0.57808
0.985114 0.171852 0.00415022 50.0028 -0.171751 0.982951 0.0656353 0.759763 0.0072001 -0.065371 0.997835 0.580678
0.981793 0.189907 0.00414958 50.2463 -0.189774 0.979687 0.0648024 0.701763 0.00824117 -0.06441 0.997889 0.586286
0.97794 0.20883 0.00486145 50.5014 -0.208712 0.975908 0.0635823 0.626001 0.00853358 -0.0631943 0.997965 0.596033
0.973397 0.22907 0.00507319 50.7302 -0.228924 0.971369 0.0635302 0.562678 0.00962494 -0.0630015 0.997967 0.598493
0.968181 0.250202 0.00488637 50.9804 -0.249981 0.96605 0.0652403 0.495684 0.0116028 -0.064386 0.997858 0.600463
0.961987 0.273053 0.00486702 51.2283 -0.272765 0.95979 0.0663445 0.41683 0.0134442 -0.06515 0.997785 0.605216
0.954743 0.297373 0.00592927 51.4494 -0.297084 0.952475 0.0673173 0.339087 0.0143709 -0.0660323 0.997714 0.614642
0.94643 0.322818 0.00774215 51.7003 -0.322554 0.943988 0.069612 0.250922 0.0151635 -0.0683801 0.997544 0.619482
0.936677 0.35006 0.0096705 51.9625 -0.349827 0.934076 0.0715724 0.135833 0.0160217 -0.0704232 0.997389 0.629699
0.92551 0.378561 0.0110859 52.1859 -0.378339 0.922855 0.0720929 0.0363196 0.0170609 -0.0709169 0.997336 0.633572
0.912679 0.40853 0.010946 52.4154 -0.408251 0.91018 0.0700217 -0.0870007 0.0186431 -0.0683761 0.997485 0.649005
0.897503 0.440902 0.00963556 52.6679 -0.440508 0.895234 0.0671518 -0.23305 0.0209813 -0.0645135 0.997696 0.662449
0.880083 0.47476 0.00758216 52.877 -0.474181 0.877956 0.0659204 -0.370763 0.0246396 -0.0616108 0.997796 0.674932
0.86046 0.509485 0.00576421 53.1299 -0.508672 0.858326 0.0672999 -0.538905 0.0293408 -0.060841 0.997716 0.682741
0.838701 0.54457 0.00491194 53.3434 -0.543572 0.836543 0.0687377 -0.704263 0.0333235 -0.0603204 0.997623 0.68697
0.814285 0.580437 0.00569124 53.572 -0.579309 0.812006 0.0710471 -0.889787 0.036617 -0.0611496 0.997457 0.698902
0.787056 0.616825 0.00839854 53.843 -0.615631 0.78452 0.0743474 -1.09931 0.0392705 -0.0636859 0.997197 0.712656
0.757555 0.652662 0.0119391 54.063 -0.651425 0.754693 0.0779966 -1.31232 0.0418951 -0.0668641 0.996882 0.716808
0.724738 0.688875 0.0143222 54.3014 -0.687618 0.721776 0.0788796 -1.56028 0.0440007 -0.0670153 0.996781 0.735538
0.688138 0.725409 0.0157622 54.5549 -0.724217 0.685352 0.0761766 -1.85988 0.0444565 -0.0638353 0.99697 0.760584
0.649067 0.76054 0.0170717 54.7628 -0.759379 0.646412 0.0741285 -2.13574 0.0453424 -0.0610782 0.997103 0.782911
0.606875 0.794581 0.0185382 55.012 -0.793419 0.604285 0.0729829 -2.47483 0.0467885 -0.059 0.997161 0.796151
0.560982 0.827613 0.018861 55.19 -0.826367 0.558492 0.072143 -2.80495 0.0491728 -0.056057 0.997216 0.821294
0.512897 0.858231 0.0194056 55.3972 -0.856972 0.510557 0.0702172 -3.18166 0.0503548 -0.0526443 0.997343 0.842634
0.464264 0.885422 0.0220392 55.5885 -0.884295 0.461986 0.0677614 -3.59846 0.0498157 -0.0509484 0.997458 0.868724
0.414605 0.909621 0.0263111 55.7591 -0.908737 0.412332 0.0646554 -4.00276 0.047963 -0.0507163 0.997561 0.895506
0.364685 0.930569 0.0323572 55.9277 -0.929914 0.362212 0.0637406 -4.4382 0.0475949 -0.0533346 0.997442 0.909361
0.315483 0.948332 0.0337228 56.0635 -0.947616 0.312977 0.0637885 -4.91077 0.0499382 -0.0520805 0.997394 0.917569
0.267598 0.963141 0.0273826 56.1627 -0.962218 0.265643 0.0597532 -5.37926 0.0502768 -0.0423378 0.997838 0.966041
0.222609 0.974747 0.0176951 56.2559 -0.973702 0.221395 0.0537446 -5.86314 0.0484698 -0.0291938 0.998398 0.992422
0.17973 0.983654 0.0110679 56.3188 -0.982522 0.178946 0.0512755 -6.39271 0.0484568 -0.0200902 0.998623 1.03811
0.141134 0.989949 0.0090533 56.3828 -0.988662 0.140465 0.0530771 -6.9116 0.051272 -0.0164416 0.998549 1.03482
0.107735 0.994175 0.00315182 56.4152 -0.992802 0.107419 0.0529632 -7.43854 0.0523161 -0.00883514 0.998591 1.07805
0.0780585 0.996944 -0.00308773 56.445 -0.995617 0.0781139 0.0514276 -8.00128 0.0515116 -0.000940162 0.998672 1.11207
0.0526613 0.998583 -0.00768194 56.4536 -0.997371 0.0529778 0.049444 -8.55157 0.0497809 0.00505795 0.998747 1.13421
0.0324124 0.999399 -0.0123009 56.4716 -0.998285 0.0329715 0.0483633 -9.1315 0.0487398 0.0107122 0.998754 1.16478
0.0160945 0.999782 -0.0132761 56.4596 -0.998636 0.0167327 0.049449 -9.71296 0.0496604 0.0124621 0.998688 1.19885
0.00271604 0.9999 -0.0138542 56.4703 -0.998761 0.00340089 0.0496508 -10.2998 0.049693 0.0137022 0.998671 1.22207
-0.00927968 0.999865 -0.0135957 56.4603 -0.998692 -0.0085834 0.0504057 -10.9104 0.0502822 0.0140457 0.998636 1.24029
-0.0186381 0.999672 -0.0175707 56.4527 -0.998432 -0.0176814 0.0531131 -11.5276 0.052785 0.0185331 0.998434 1.28397
-0.0257149 0.999447 -0.0210634 56.4204 -0.998207 -0.0245321 0.0546068 -12.1511 0.0540599 0.0224298 0.998286 1.33141
-0.0301597 0.999312 -0.0215749 56.4086 -0.9981 -0.0289488 0.0543928 -12.787 0.0537308 0.0231743 0.998287 1.35483
-0.0339903 0.999244 -0.018862 56.3965 -0.998116 -0.0329751 0.0517442 -13.4434 0.0510831 0.0205853 0.998482 1.39745
-0.0360713 0.999194 -0.0176111 56.3777 -0.998365 -0.0352484 0.0449915 -14.11 0.0443345 0.0192052 0.998832 1.41389
-0.0372188 0.999137 -0.0184442 56.3426 -0.998559 -0.0364704 0.0393791 -14.7864 0.0386724 0.0198833 0.999054 1.44999
-0.0377718 0.999057 -0.0214268 56.3198 -0.998631 -0.036962 0.0370104 -15.4733 0.0361835 0.0227954 0.999085 1.47895
-0.0378069 0.99897 -0.0250764 56.2797 -0.99857 -0.0368188 0.0387614 -16.169 0.0377982 0.026506 0.998934 1.51934
-0.037238 0.998976 -0.0257086 56.2653 -0.998295 -0.0360305 0.0459334 -16.8645 0.0449601 0.0273752 0.998614 1.54709
-0.0352915 0.999068 -0.0248618 56.2429 -0.997997 -0.0339246 0.0534047 -17.5692 0.0525114 0.0266967 0.998263 1.5968
-0.0334337 0.999107 -0.0258268 56.2208 -0.99796 -0.0319671 0.0552535 -18.2848 0.0543786 0.0276215 0.998138 1.6195
-0.030723 0.999185 -0.0261786 56.2045 -0.998275 -0.0293628 0.0508488 -19.0417 0.0500387 0.0276956 0.998363 1.65878
-0.0279401 0.99925 -0.0268283 56.1845 -0.99864 -0.0267212 0.0447655 -19.7715 0.044015 0.0280425 0.998637 1.69105
-0.0253609 0.999367 -0.0249657 56.1733 -0.998784 -0.0242738 0.042921 -20.5097 0.0422878 0.0260238 0.998766 1.7243
-0.022382 0.999253 -0.0315012 56.1414 -0.998632 -0.0208563 0.0479551 -21.2408 0.0472622 0.0325315 0.998353 1.77985
-0.0192876 0.999232 -0.0341066 56.1285 -0.998424 -0.0174514 0.053339 -21.9587 0.0527029 0.0350816 0.997994 1.82627
-0.016777 0.999464 -0.0281116 56.1338 -0.998418 -0.015237 0.0541294 -22.7075 0.0536721 0.0289753 0.998138 1.85853
-0.0128725 0.999642 -0.0234656 56.1362 -0.998606 -0.0116509 0.0514728 -23.4592 0.051181 0.0240954 0.998399 1.88942
-0.00827211 0.999563 -0.0283669 56.1285 -0.998848 -0.00691859 0.0474851 -24.1957 0.0472682 0.028727 0.998469 1.93239
-0.00528468 0.999421 -0.0336108 56.1023 -0.998826 -0.00365713 0.0483018 -24.9193 0.0481509 0.0338266 0.998267 1.98161
-0.00238386 0.999443 -0.0332941 56.1141 -0.99862 -0.00063223 0.0525225 -25.6433 0.0524722 0.0333734 0.998065 2.03983
0.00130563 0.999567 -0.0294062 56.1267 -0.99853 0.00289645 0.0541208 -26.3927 0.0541825 0.0292923 0.998101 2.06768
0.00501924 0.999595 -0.0280088 56.1392 -0.998575 0.00649829 0.0529681 -27.1531 0.0531287 0.0277031 0.998203 2.12174
0.00853875 0.999435 -0.0324968 56.1332 -0.998649 0.0101888 0.0509547 -27.8835 0.0512571 0.0320178 0.998172 2.15619
0.0118565 0.999223 -0.0375875 56.1508 -0.99862 0.0137557 0.0506782 -28.6172 0.0511559 0.0369348 0.998007 2.2053
0.0151453 0.999065 -0.0404913 56.1558 -0.998517 0.0172303 0.0516491 -29.3684 0.0522985 0.039649 0.997844 2.25565
0.018206 0.998985 -0.0412039 56.1723 -0.998462 0.0203243 0.0515889 -30.0987 0.052374 0.0402013 0.997818 2.29745
0.0212528 0.998873 -0.0424384 56.1743 -0.998448 0.0233909 0.0505389 -30.8451 0.0514746 0.0412985 0.99782 2.33389
0.0248474 0.998645 -0.0457168 56.1994 -0.998409 0.0271051 0.0494466 -31.5811 0.0506188 0.0444155 0.99773 2.38364
0.0279915 0.998636 -0.0440797 56.2195 -0.998292 0.0301898 0.0500233 -32.3363 0.0512858 0.0426042 0.997775 2.42258
0.0311927 0.998666 -0.0411552 56.256 -0.998126 0.0332915 0.0513396 -33.0776 0.0526412 0.0394767 0.997833 2.46591
0.033696 0.998496 -0.0432573 56.2856 -0.99802 0.0359172 0.0516424 -33.8361 0.0531184 0.0414315 0.997728 2.51147
0.0365684 0.998484 -0.0411331 56.3175 -0.997937 0.0386602 0.0512645 -34.5765 0.052777 0.0391735 0.997838 2.55739
0.0388147 0.998468 -0.0394446 56.3522 -0.997829 0.0408316 0.051682 -35.3582 0.0532134 0.0373529 0.997884 2.60094
0.042155 0.998392 -0.0378926 56.3932 -0.997671 0.0440995 0.0520378 -36.0816 0.0536252 0.0356107 0.997926 2.64286
0.0452381 0.998351 -0.0353328 56.4295 -0.997448 0.0470963 0.0536622 -36.8622 0.0552378 0.0328151 0.997934 2.69021
0.0484829 0.998197 -0.0353995 56.4805 -0.997081 0.0504605 0.0572931 -37.6262 0.0589761 0.0325184 0.99773 2.74455
0.0515101 0.998051 -0.0352244 56.5226 -0.996803 0.0535386 0.0593004 -38.3793 0.0610707 0.0320572 0.997619 2.78892
0.0550969 0.998024 -0.0302051 56.5683 -0.996469 0.0568804 0.0617641 -39.154 0.0633602 0.0266955 0.997634 2.84231
0.0578149 0.997991 -0.0258957 56.6313 -0.996344 0.0593148 0.0614806 -39.944 0.0628931 0.0222465 0.997772 2.88128
0.0613639 0.997708 -0.028533 56.6855 -0.996117 0.0630242 0.0614763 -40.7052 0.0631336 0.0246498 0.997701 2.94471
0.065269 0.997449 -0.0288905 56.7407 -0.995787 0.0669745 0.0626382 -41.4894 0.0644134 0.0246804 0.997618 3.00489
0.0690909 0.997302 -0.0247984 56.8045 -0.995466 0.0705501 0.0638002 -42.2795 0.0653776 0.020278 0.997655 3.05693
0.0735791 0.997017 -0.0233212 56.8649 -0.99522 0.0749121 0.0626552 -43.0885 0.0642153 0.0185996 0.997763 3.09971
0.0781316 0.996609 -0.0258159 56.9318 -0.994932 0.0795919 0.0614522 -43.881 0.0632986 0.0208837 0.997776 3.17373
0.0832349 0.996293 -0.0217218 57.0088 -0.994252 0.0844978 0.0657473 -44.6693 0.067339 0.0161245 0.9976 3.21399
0.0890139 0.995816 -0.0206653 57.0903 -0.993165 0.0903113 0.0739367 -45.459 0.0754937 0.0139426 0.997049 3.28358
0.0963813 0.995135 -0.0204082 57.1753 -0.992076 0.0977049 0.0789898 -46.2552 0.0805995 0.0126333 0.996667 3.34185
0.103639 0.994476 -0.0166356 57.27 -0.991109 0.104662 0.0821523 -47.0741 0.0834396 0.00797353 0.996481 3.41127
0.111224 0.993695 -0.0141363 57.3729 -0.990414 0.112007 0.0808392 -47.8811 0.0819129 0.00500955 0.996627 3.4789
0.118819 0.992816 -0.014102 57.4738 -0.989687 0.119565 0.0788938 -48.6968 0.0800131 0.00458245 0.996783 3.55727
0.126235 0.9919 -0.014123 57.574 -0.98899 0.126947 0.0760427 -49.4931 0.0772196 0.00436822 0.997005 3.62626
0.134121 0.990889 -0.0122311 57.698 -0.988401 0.134651 0.0702347 -50.327 0.0712418 0.00266931 0.997456 3.70105
0.141816 0.989843 -0.00990992 57.822 -0.987798 0.14216 0.0636061 -51.1188 0.0643689 0.000768638 0.997926 3.74804
0.149171 0.988761 -0.00997418 57.9432 -0.98694 0.149502 0.059985 -51.9461 0.060802 0.000895886 0.998149 3.82024
0.155856 0.987723 -0.0105534 58.0732 -0.985773 0.156212 0.06205 -52.7184 0.0629368 0.000732366 0.998017 3.87769
0.161682 0.986776 -0.0114483 58.2026 -0.984405 0.162087 0.068369 -53.5101 0.0693205 0.000215769 0.997594 3.94274
0.166633 0.985951 -0.0115322 58.3377 -0.983251 0.16703 0.0729334 -54.2793 0.073835 -0.000814054 0.99727 3.99757
0.171749 0.985076 -0.011264 58.4858 -0.98222 0.172109 0.0749891 -55.0519 0.0758086 -0.00181559 0.997121 4.06939
0.177232 0.984124 -0.00941737 58.6264 -0.981237 0.177434 0.0754428 -55.8316 0.0759161 -0.00413019 0.997106 4.12546
0.181983 0.98323 -0.0118756 58.766 -0.98056 0.182363 0.0724221 -56.5871 0.0733733 -0.00153487 0.997303 4.20413
0.186591 0.982354 -0.012805 58.9218 -0.980089 0.18703 0.0666789 -57.3446 0.0678972 0.000108318 0.997692 4.25171
0.19047 0.981629 -0.0111764 59.075 -0.979833 0.190797 0.0593692 -58.1002 0.060411 -0.000357002 0.998174 4.31769
0.193853 0.981006 -0.00700771 59.2271 -0.979396 0.193937 0.0563234 -58.8287 0.0566126 -0.00405511 0.998388 4.3589
0.197072 0.980375 -0.00520131 59.3799 -0.978771 0.197049 0.0563777 -59.5507 0.0562962 -0.00601957 0.998396 4.42871
0.199189 0.979956 -0.00326876 59.5184 -0.978253 0.199037 0.0583504 -60.2593 0.0578315 -0.00842507 0.998291 4.47835
0.201145 0.979561 -0.000555736 59.6782 -0.977649 0.200788 0.0623427 -60.9667 0.0611801 -0.0119966 0.998055 4.5306
0.203008 0.979177 -0.000522808 59.8331 -0.976965 0.202586 0.0670668 -61.6605 0.0657762 -0.0131044 0.997748 4.57799
0.204939 0.978775 0.000261603 59.9855 -0.976184 0.204377 0.0727618 -62.3256 0.071164 -0.0151671 0.997349 4.63561
0.20655 0.978436 -0.000864091 60.1378 -0.975697 0.206038 0.0745871 -63.0129 0.0731568 -0.0145629 0.997214 4.69909
0.207824 0.978166 0.000161023 60.2837 -0.975465 0.207238 0.0742977 -63.6864 0.0726421 -0.0155979 0.997236 4.74181
0.208441 0.978035 0.000835247 60.4251 -0.97554 0.207848 0.071555 -64.3388 0.0698096 -0.0157298 0.997436 4.80773
0.209257 0.97786 0.000863865 60.5775 -0.975531 0.208697 0.0691699 -65.0039 0.0674582 -0.015317 0.997605 4.85194
0.209342 0.977842 0.00100588 60.7235 -0.975597 0.208791 0.0679422 -65.6325 0.0662267 -0.0152045 0.997689 4.90458
0.207783 0.978174 0.000999685 60.8487 -0.975986 0.207249 0.0670802 -66.2737 0.065409 -0.0149138 0.997747 4.95818
0.206333 0.97848 0.00198255 61.0072 -0.976277 0.205732 0.06751 -66.8895 0.0656493 -0.0158651 0.997717 5.00815
0.203428 0.979086 0.00274513 61.1236 -0.976688 0.202732 0.0705758 -67.4893 0.0685432 -0.0170382 0.997503 5.05138
0.201648 0.979457 0.00158475 61.2492 -0.976765 0.200974 0.0744292 -68.0986 0.0725817 -0.0165565 0.997225 5.11149
0.199728 0.979851 -0.000756318 61.3736 -0.977075 0.199221 0.0750656 -68.7057 0.0737038 -0.0142538 0.997178 5.16091
0.19763 0.980277 -0.000187465 61.4937 -0.977594 0.197103 0.0738984 -69.3025 0.0724778 -0.0144213 0.997266 5.20993
0.19496 0.980811 0.000367382 61.6136 -0.978322 0.194438 0.0712725 -69.8595 0.0698334 -0.0142547 0.997457 5.25274
0.192793 0.981239 0.00057009 61.7344 -0.979012 0.192316 0.0674519 -70.4478 0.0660768 -0.0135624 0.997722 5.29778
0.190832 0.98162 -0.00213008 61.8355 -0.97946 0.190555 0.0659294 -70.9982 0.0651236 -0.0104951 0.997822 5.35242
0.188439 0.982071 -0.00532537 61.9347 -0.979772 0.188364 0.0675738 -71.547 0.0673653 -0.00751586 0.9977 5.39492
0.186146 0.982468 -0.0103363 62.0538 -0.980027 0.186412 0.0692576 -72.1038 0.0699701 -0.00276211 0.997545 5.44002
0.184211 0.982838 -0.00979891 62.1459 -0.980243 0.184437 0.0714579 -72.6529 0.0720388 -0.00355797 0.997395 5.47767
0.182986 0.983071 -0.00934036 62.258 -0.980312 0.183173 0.0737321 -73.1727 0.0741948 -0.00433546 0.997234 5.53101
0.181956 0.983246 -0.0109524 62.3562 -0.980555 0.182268 0.0727297 -73.7302 0.0735074 -0.00249418 0.997292 5.56463
0.181593 0.983238 -0.0163424 62.4596 -0.980691 0.1823 0.0707951 -74.2816 0.0725876 0.00317097 0.997357 5.61538
0.183545 0.982782 -0.0212421 62.5465 -0.980372 0.184592 0.0692598 -74.8177 0.0719884 0.00811285 0.997372 5.65376
0.185491 0.982353 -0.0239894 62.6375 -0.980036 0.186721 0.0683027 -75.371 0.0715767 0.0108409 0.997376 5.69956
0.188911 0.981734 -0.0226008 62.7557 -0.979396 0.190034 0.0683415 -75.9293 0.0713882 0.0092247 0.997406 5.74407
0.194345 0.980699 -0.0214585 62.8736 -0.978317 0.195377 0.0687313 -76.4791 0.0715972 0.00763565 0.997404 5.78694
0.200721 0.979363 -0.0236482 62.9955 -0.977055 0.201887 0.0678688 -77.035 0.0712425 0.00948289 0.997414 5.8303
0.208438 0.977781 -0.0222958 63.1264 -0.975455 0.209489 0.0678449 -77.6027 0.0710082 0.00760714 0.997447 5.87916
0.216522 0.976024 -0.0222357 63.2478 -0.973768 0.217542 0.0667219 -78.1826 0.0699594 0.00720567 0.997524 5.91328
0.225821 0.973961 -0.0201216 63.3758 -0.971728 0.226668 0.0660762 -78.7508 0.0689166 0.00463133 0.997612 5.96288
0.235251 0.971759 -0.0184949 63.5517 -0.969499 0.235965 0.0662652 -79.3382 0.0687579 0.0023418 0.997631 6.00785
0.245134 0.969355 -0.0161149 63.7082 -0.966883 0.245659 0.0691956 -79.9245 0.0710339 -0.00138093 0.997473 6.05459
0.254587 0.966956 -0.013506 63.8769 -0.964272 0.254889 0.0721905 -80.5143 0.0732475 -0.00535536 0.997299 6.09651
0.265927 0.963926 -0.011394 64.0725 -0.961075 0.266022 0.0746139 -81.1317 0.0749533 -0.00889132 0.997147 6.14032
0.276052 0.961082 -0.0107968 64.2563 -0.9581 0.276054 0.0764114 -81.7337 0.0764182 -0.0107491 0.997018 6.19413
0.286547 0.95803 -0.00833386 64.439 -0.954984 0.286311 0.0776579 -82.3588 0.0767847 -0.0142939 0.996945 6.24691
0.29657 0.954975 -0.00827139 64.6557 -0.951893 0.29629 0.0781761 -82.995 0.077107 -0.0153112 0.996905 6.29496
0.307196 0.951624 -0.00656123 64.8556 -0.948535 0.306742 0.0786823 -83.6047 0.0768885 -0.0179473 0.996878 6.34492
0.318445 0.947921 -0.00617001 65.0926 -0.945128 0.317995 0.0749226 -84.3103 0.0729827 -0.0180273 0.99717 6.3896
0.328059 0.944625 -0.00781528 65.3093 -0.942293 0.327811 0.0679986 -84.9269 0.0667951 -0.0149432 0.997655 6.44371
0.338921 0.940773 -0.00885061 65.5584 -0.938719 0.338779 0.0635298 -85.6282 0.0627655 -0.0132234 0.997941 6.50049
0.349646 0.936834 -0.00952985 65.8134 -0.934977 0.349565 0.0601786 -86.2911 0.0597087 -0.012131 0.998142 6.53681
0.358664 0.933369 -0.0135131 66.08 -0.931607 0.358825 0.0579098 -86.98 0.0589001 -0.00818124 0.99823 6.5947
0.367143 0.92996 -0.0195037 66.3549 -0.928418 0.367657 0.0535605 -87.6884 0.0569799 -0.00155675 0.998374 6.63091
0.374243 0.926968 -0.0259286 66.6354 -0.925932 0.375067 0.0444301 -88.4323 0.0509103 0.00738049 0.998676 6.67678
0.381028 0.92406 -0.0304963 66.9221 -0.923298 0.382025 0.0397272 -89.1338 0.0483607 0.01302 0.998745 6.73185
0.388158 0.920927 -0.0350256 67.2042 -0.920261 0.389359 0.0389822 -89.8443 0.0495373 0.0171015 0.998626 6.76038
0.395204 0.917734 -0.0397226 67.5115 -0.916844 0.39675 0.0445675 -90.5581 0.056661 0.0188062 0.998216 6.81606
0.40189 0.91456 -0.0454238 67.8332 -0.913433 0.403886 0.0501558 -91.2781 0.0642166 0.0213345 0.997708 6.86693
0.407451 0.912109 -0.0451842 68.1448 -0.910855 0.409459 0.0518311 -91.985 0.0657766 0.0200376 0.997633 6.92065
0.41208 0.910307 -0.0391423 68.4812 -0.908808 0.413719 0.0538926 -92.6907 0.0652527 0.0133648 0.997779 6.9661
0.416498 0.908464 -0.0349684 68.8226 -0.906724 0.417886 0.0567682 -93.3762 0.0661846 0.00806285 0.997775 7.01673
0.420571 0.906596 -0.0347015 69.1397 -0.904641 0.421955 0.0598319 -94.0603 0.0688858 0.0062288 0.997605 7.0882
0.424573 0.904757 -0.0339551 69.4762 -0.902473 0.425915 0.0643323 -94.7267 0.072667 0.00332979 0.997351 7.14483
0.428138 0.903145 -0.032064 69.8025 -0.900636 0.429337 0.067272 -95.4026 0.0745226 7.63319e-05 0.997219 7.20915
0.431988 0.901355 -0.0307613 70.12 -0.898901 0.433081 0.0664718 -96.0537 0.0732368 -0.00106364 0.997314 7.25981
0.436126 0.899359 -0.0307969 70.4329 -0.897153 0.437212 0.0629492 -96.699 0.0700786 0.00017575 0.997541 7.3246
0.439696 0.89764 -0.0301709 70.763 -0.895637 0.440729 0.0599409 -97.3457 0.0671026 0.000666332 0.997746 7.37847
0.443024 0.896038 -0.0290768 71.0909 -0.894086 0.443977 0.059121 -97.9812 0.0658841 -0.000194904 0.997827 7.43659
0.446666 0.894295 -0.0269364 71.3876 -0.892197 0.447465 0.0613189 -98.5779 0.0668903 -0.0033565 0.997755 7.49369
0.449281 0.89294 -0.0283614 71.6938 -0.890796 0.450169 0.0618907 -99.1916 0.0680321 -0.00254207 0.99768 7.55381
0.451456 0.891781 -0.0302423 72.0005 -0.889749 0.452468 0.0601596 -99.7973 0.0673328 -0.000251381 0.997731 7.60051
0.452822 0.891019 -0.0322081 72.3167 -0.889079 0.453961 0.0588074 -100.401 0.0670197 0.00200629 0.99775 7.6556
0.454799 0.890065 -0.0306985 72.6226 -0.888099 0.455834 0.0591283 -100.978 0.0666214 0.000371861 0.997778 7.70489
0.456595 0.889094 -0.0321433 72.9059 -0.887183 0.457721 0.0582847 -101.535 0.0665332 0.00190442 0.997782 7.755
0.459011 0.887823 -0.032841 73.215 -0.885788 0.460182 0.0601047 -102.107 0.0684752 0.00150139 0.997652 7.80459
0.461798 0.886283 -0.0352796 73.5016 -0.884233 0.463131 0.060339 -102.663 0.0698166 0.00333098 0.997554 7.858
0.464438 0.884805 -0.037653 73.7763 -0.882817 0.465928 0.0595429 -103.194 0.0702275 0.00558673 0.997515 7.90908
0.467788 0.882932 -0.0400687 74.0659 -0.881052 0.469431 0.0581597 -103.761 0.0701606 0.00809619 0.997503 7.9591
0.470909 0.881198 -0.0416646 74.3436 -0.879394 0.472648 0.0571883 -104.275 0.0700869 0.00970912 0.997494 8.00634
0.474003 0.8795 -0.0424327 74.6297 -0.877731 0.475785 0.0567102 -104.774 0.0700655 0.0103637 0.997489 8.05438
0.477642 0.877498 -0.0430652 74.911 -0.875763 0.479456 0.0562156 -105.305 0.069977 0.010864 0.997489 8.10384
0.480946 0.875582 -0.0452522 75.1931 -0.873909 0.4829 0.0555876 -105.807 0.0705237 0.0128117 0.997428 8.14931
0.485244 0.873206 -0.0452812 75.4761 -0.871429 0.487208 0.0569268 -106.322 0.0717702 0.0118359 0.997351 8.19544
0.488905 0.870978 -0.0486714 75.7531 -0.869247 0.491106 0.0567815 -106.814 0.0733583 0.0145467 0.9972 8.24641
0.493672 0.8683 -0.0483993 76.0465 -0.866276 0.495892 0.0604796 -107.313 0.0765153 0.01207 0.996995 8.2945
0.498948 0.865256 -0.0488049 76.3375 -0.862781 0.501246 0.0660374 -107.783 0.0816026 0.00915874 0.996623 8.33914
0.504875 0.861889 -0.047418 76.641 -0.858792 0.507083 0.0730924 -108.273 0.0870424 0.0038197 0.996197 8.39033
0.511036 0.858315 -0.0462443 76.9431 -0.854613 0.513122 0.0796374 -108.756 0.092083 -0.00117658 0.995751 8.43702
0.517491 0.854494 -0.0451982 77.2471 -0.850327 0.519434 0.0844459 -109.233 0.0956361 -0.0052667 0.995402 8.49169
0.523568 0.850952 -0.0419067 77.5645 -0.84675 0.525166 0.0849425 -109.726 0.09429 -0.00898867 0.995504 8.54995
0.529989 0.84728 -0.0350538 77.8951 -0.843247 0.530937 0.0839092 -110.232 0.0897059 -0.014912 0.995857 8.59947
0.536199 0.843649 -0.0273181 78.2241 -0.839937 0.536488 0.0817727 -110.719 0.0836433 -0.020901 0.996277 8.6543
0.542805 0.839633 -0.0194778 78.5723 -0.836255 0.542477 0.0799794 -111.221 0.0777196 -0.0271249 0.996606 8.70668
0.549099 0.835613 -0.0155116 78.9075 -0.832508 0.548506 0.0779179 -111.715 0.0736174 -0.0298711 0.996839 8.76012
0.555457 0.831448 -0.0126955 79.2628 -0.828182 0.554517 0.0813982 -112.217 0.0747183 -0.034699 0.996601 8.80797
0.562209 0.826918 -0.0112898 79.6327 -0.823408 0.560988 0.0853897 -112.748 0.0769438 -0.0387107 0.996284 8.85424
0.568386 0.822686 -0.0111795 80.0159 -0.818914 0.566987 0.0889153 -113.282 0.0794881 -0.0413831 0.995976 8.91306
0.574499 0.818438 -0.010461 80.403 -0.814497 0.572903 0.091521 -113.809 0.0808974 -0.0440583 0.995748 8.95576
0.581162 0.81374 -0.00877637 80.8161 -0.809816 0.579356 0.0924373 -114.365 0.0803046 -0.0466138 0.99568 9.01355
0.588006 0.808843 -0.00457932 81.2387 -0.805005 0.585749 0.0941571 -114.912 0.0788406 -0.0516786 0.995547 9.06248
0.595045 0.803687 -0.00288639 81.6508 -0.800046 0.592683 0.0930242 -115.451 0.076473 -0.0530443 0.99566 9.11664
0.602581 0.798055 -0.00202602 82.0974 -0.794635 0.600229 0.0909956 -116.032 0.0738356 -0.0532223 0.995849 9.17402
0.610187 0.792255 -0.00180273 82.5444 -0.788857 0.607777 0.0911687 -116.603 0.0733245 -0.0542078 0.995834 9.23884
0.617865 0.786284 0.000263066 83.0205 -0.78288 0.615158 0.0931612 -117.191 0.0730894 -0.057767 0.995651 9.28722
0.625932 0.779877 0.000563032 83.4967 -0.776432 0.623099 0.094348 -117.756 0.073229 -0.0594926 0.995539 9.34245
0.632613 0.774468 0.00113946 83.9886 -0.77102 0.629657 0.0951853 -118.342 0.0730005 -0.061094 0.995459 9.39148
0.637763 0.770232 0.00124363 84.4952 -0.766901 0.634853 0.0939352 -118.944 0.0715623 -0.0608621 0.995578 9.45159
0.641802 0.76687 0.000581802 85.0087 -0.763575 0.638974 0.0930843 -119.549 0.0710118 -0.060186 0.995658 9.50876
0.644808 0.764342 -0.00181793 85.5257 -0.761064 0.642259 0.0910174 -120.145 0.070736 -0.0573052 0.995848 9.56614
0.648045 0.761582 -0.00552425 86.0596 -0.758341 0.645925 0.0877485 -120.78 0.0703959 -0.0526758 0.996127 9.62343
0.651524 0.75855 -0.0108715 86.5792 -0.755509 0.650076 0.0812818 -121.397 0.0687236 -0.0447435 0.996632 9.68464
0.654791 0.755672 -0.0144198 87.1281 -0.75289 0.653819 0.0753482 -122.04 0.0663665 -0.0384808 0.997053 9.74519
0.65773 0.753072 -0.0165607 87.682 -0.750536 0.657064 0.0704426 -122.681 0.0639298 -0.0339028 0.997378 9.80853
0.660831 0.750338 -0.0171965 88.2528 -0.74792 0.660267 0.0682905 -123.309 0.0625952 -0.0322669 0.997517 9.85367
0.663924 0.74761 -0.0168496 88.8337 -0.745079 0.663261 0.0703033 -123.952 0.0637351 -0.0341217 0.997383 9.92515
0.667676 0.744305 -0.0147744 89.4212 -0.7416 0.666722 0.0742386 -124.586 0.0651066 -0.0386107 0.997131 9.97942
0.67092 0.741458 -0.0103367 90.0231 -0.738686 0.669502 0.0781626 -125.214 0.0648746 -0.0448053 0.996887 10.0354
0.67375 0.738924 -0.0072655 90.6319 -0.736454 0.672242 0.0756749 -125.874 0.0608022 -0.0456353 0.997106 10.0984
0.677589 0.735439 -0.00172393 91.2509 -0.733413 0.675892 0.0726325 -126.526 0.0545819 -0.0479506 0.997357 10.1424
0.680993 0.732288 0.00168136 91.8514 -0.730757 0.679417 0.0662376 -127.165 0.0473626 -0.046336 0.997802 10.1995
0.685719 0.727865 0.00124832 92.4723 -0.726539 0.684364 0.061536 -127.812 0.0439356 -0.0431034 0.998104 10.2417
0.689957 0.723845 -0.00272573 93.0854 -0.722467 0.688866 0.0592055 -128.467 0.0447333 -0.03888 0.998242 10.2993
0.694352 0.719498 -0.0140951 93.7233 -0.717855 0.693878 0.0567212 -129.135 0.0505911 -0.0292662 0.998291 10.3473
0.699159 0.714592 -0.0231224 94.3461 -0.712557 0.699092 0.0594379 -129.78 0.0586386 -0.0250805 0.997964 10.3963
0.704581 0.709053 -0.0284497 94.986 -0.70688 0.704815 0.0596429 -130.418 0.0623417 -0.0219128 0.997814 10.4627
0.710381 0.70319 -0.0297221 95.6436 -0.701249 0.710761 0.0553912 -131.075 0.0600759 -0.0185063 0.998022 10.4996
0.716154 0.697256 -0.0309497 96.2974 -0.695669 0.716695 0.0489092 -131.703 0.0562837 -0.0134957 0.998324 10.5775
0.721221 0.691782 -0.0357465 96.9595 -0.690324 0.722059 0.0456513 -132.352 0.0573918 -0.00824801 0.998318 10.6177
0.725609 0.686967 -0.0395941 97.6262 -0.68527 0.72664 0.0489936 -132.98 0.0624276 -0.00841759 0.998014 10.693
0.729247 0.683011 -0.0411573 98.314 -0.681173 0.730352 0.0508889 -133.621 0.064817 -0.00907536 0.997856 10.7439
0.732184 0.679817 -0.0418995 99.0033 -0.678166 0.733352 0.0478075 -134.249 0.0632274 -0.00658907 0.997977 10.8145
0.73469 0.677072 -0.0424841 99.6825 -0.675802 0.735915 0.0414936 -134.866 0.0593588 -0.00177406 0.998235 10.8743
0.736353 0.675299 -0.041914 100.379 -0.674242 0.737544 0.0377716 -135.508 0.0564205 0.000446953 0.998407 10.94
0.73698 0.674544 -0.0430228 101.072 -0.673786 0.738217 0.0323827 -136.126 0.0536037 0.00512278 0.998549 10.9987
0.737425 0.674152 -0.0415178 101.756 -0.673413 0.738579 0.0318705 -136.769 0.0521498 0.00445651 0.998629 11.0612
0.737609 0.673974 -0.0411391 102.448 -0.673251 0.738742 0.0315237 -137.408 0.0516373 0.00444473 0.998656 11.1091
0.736916 0.674806 -0.0399 103.143 -0.673931 0.737994 0.0343859 -138.021 0.0526498 0.00155034 0.998612 11.1719
0.735691 0.676195 -0.0389866 103.853 -0.675127 0.736721 0.0380158 -138.649 0.0544283 -0.001647 0.998516 11.2236
0.733985 0.678206 -0.0360841 104.553 -0.676895 0.734839 0.0427205 -139.279 0.0554893 -0.00693105 0.998435 11.2882
0.731802 0.680628 -0.034808 105.254 -0.679257 0.732579 0.0440109 -139.909 0.0554547 -0.00856367 0.998424 11.3442
0.729807 0.682918 -0.0316983 105.95 -0.681456 0.730393 0.0463067 -140.548 0.0547759 -0.0121939 0.998424 11.4025
0.72772 0.685233 -0.0296638 106.62 -0.683834 0.728209 0.0456369 -141.162 0.0528734 -0.0129258 0.998518 11.463
0.725222 0.687956 -0.0277471 107.293 -0.686681 0.725642 0.04374 -141.808 0.0502257 -0.0126678 0.998658 11.5062
0.722323 0.690977 -0.0283023 107.977 -0.689847 0.722809 0.040706 -142.452 0.048584 -0.0098786 0.99877 11.5578
0.719518 0.693734 -0.0320432 108.651 -0.692466 0.72018 0.0427975 -143.071 0.0527669 -0.00860476 0.99857 11.6376
0.715899 0.697454 -0.0323575 109.304 -0.695504 0.716436 0.0547155 -143.702 0.0613436 -0.016666 0.997978 11.6838
0.712354 0.700991 -0.0341089 109.959 -0.698608 0.7129 0.060986 -144.333 0.0670669 -0.0196149 0.997556 11.7606
0.709119 0.704313 -0.0330725 110.616 -0.702122 0.709656 0.0584197 -144.982 0.0646158 -0.0182056 0.997744 11.8143
0.705707 0.708039 -0.0256465 111.266 -0.706086 0.705826 0.0570306 -145.618 0.0584818 -0.0221383 0.998043 11.8838
0.702539 0.711283 -0.0227002 111.905 -0.70955 0.70256 0.0542966 -146.236 0.0545685 -0.0220385 0.998267 11.9316
0.699271 0.714561 -0.0205415 112.546 -0.712818 0.699157 0.0554053 -146.883 0.0539523 -0.024101 0.998253 11.9996
0.695957 0.71772 -0.0228333 113.196 -0.716035 0.696021 0.0533682 -147.543 0.0541959 -0.0207926 0.998314 12.052
0.692571 0.720914 -0.0250538 113.809 -0.719196 0.692769 0.0531731 -148.184 0.0556897 -0.0188075 0.998271 12.1161
0.688837 0.724289 -0.0301405 114.428 -0.72256 0.689354 0.0519475 -148.829 0.0584025 -0.0140051 0.998195 12.1673
0.684923 0.727917 -0.0318995 115.032 -0.726092 0.685536 0.0531965 -149.483 0.0605909 -0.0132735 0.998074 12.2442
0.680866 0.731657 -0.0331507 115.652 -0.72985 0.681573 0.0526961 -150.119 0.0611501 -0.0116839 0.99806 12.2898
0.676871 0.735443 -0.0311349 116.273 -0.733568 0.677444 0.054285 -150.777 0.0610156 -0.0139044 0.99804 12.3532
0.672099 0.73978 -0.0317572 116.88 -0.737922 0.672727 0.0539394 -151.442 0.0612672 -0.0128183 0.998039 12.4133
0.666611 0.74478 -0.0305446 117.49 -0.742819 0.66715 0.0559469 -152.099 0.0620459 -0.0146057 0.997966 12.4649
0.660121 0.750557 -0.0300899 118.099 -0.748161 0.660533 0.0628606 -152.758 0.0670558 -0.0189835 0.997569 12.5431
0.654032 0.755827 -0.0311147 118.715 -0.753029 0.654425 0.0683754 -153.43 0.0720422 -0.0212894 0.997174 12.6032
0.647586 0.761443 -0.0289312 119.296 -0.75841 0.647754 0.0723136 -154.097 0.073803 -0.0248875 0.996962 12.6863
0.64128 0.766891 -0.025264 119.889 -0.764398 0.641367 0.0659132 -154.808 0.0667518 -0.0229571 0.997505 12.7482
0.635102 0.772282 -0.0150621 120.481 -0.770295 0.634675 0.0619099 -155.526 0.0573714 -0.0277168 0.997968 12.7907
0.628135 0.778006 -0.0123457 121.084 -0.776407 0.627733 0.0560609 -156.251 0.0513656 -0.0256285 0.998351 12.8619
0.620942 0.783835 -0.00576691 121.667 -0.782353 0.62019 0.0573428 -156.966 0.0485239 -0.0310948 0.998338 12.9048
0.613187 0.789915 -0.00599835 122.249 -0.788329 0.612405 0.0591447 -157.698 0.0503927 -0.0315381 0.998231 12.9727
0.60563 0.795594 -0.015553 122.83 -0.793816 0.605406 0.0577945 -158.433 0.0553968 -0.0226559 0.998207 13.0092
0.598736 0.800764 -0.0171003 123.397 -0.798332 0.598369 0.0679731 -159.193 0.0646627 -0.0270462 0.997541 13.0949
0.591016 0.806341 -0.0226712 123.956 -0.803716 0.591026 0.0687662 -159.944 0.0688483 -0.0224207 0.997375 13.1612
0.583737 0.811616 -0.0230145 124.491 -0.809254 0.583875 0.0647911 -160.686 0.0660231 -0.0191965 0.997633 13.2147
0.57693 0.81642 -0.0247129 125.044 -0.814443 0.5773 0.0583668 -161.468 0.0619186 -0.0135463 0.997989 13.2816
0.569617 0.821573 -0.0235494 125.577 -0.819682 0.569948 0.0572729 -162.219 0.0604757 -0.0133206 0.998081 13.3463
0.562939 0.82619 -0.0225711 126.096 -0.824231 0.563206 0.0586737 -162.984 0.0611878 -0.0144259 0.998022 13.4052
0.556396 0.83055 -0.0247111 126.611 -0.828676 0.556832 0.0568649 -163.726 0.0609891 -0.0111619 0.998076 13.477
0.551331 0.833864 -0.0265605 127.117 -0.832314 0.551936 0.051186 -164.502 0.0573419 -0.00611372 0.998336 13.5386
0.546573 0.83701 -0.0259273 127.606 -0.835625 0.547166 0.0483727 -165.253 0.054675 -0.00477373 0.998493 13.5973
0.542362 0.839825 -0.0232018 128.102 -0.838515 0.542822 0.0472908 -165.977 0.0523105 -0.00619363 0.998612 13.6464
0.537778 0.842792 -0.0222848 128.568 -0.841377 0.538182 0.0494485 -166.735 0.0536681 -0.0078424 0.998528 13.7201
0.533761 0.845244 -0.0257325 129.039 -0.843678 0.534348 0.051772 -167.462 0.05751 -0.00592393 0.998327 13.774
0.530267 0.847376 -0.0277597 129.504 -0.845447 0.530946 0.0575832 -168.172 0.0635335 -0.00706514 0.997955 13.8377
0.526944 0.849509 -0.0257693 129.964 -0.847414 0.527479 0.0604546 -168.911 0.0649495 -0.0100189 0.997838 13.9026
0.524313 0.851193 -0.0237856 130.406 -0.849408 0.524774 0.0558488 -169.635 0.0600202 -0.00907857 0.998156 13.9558
0.522237 0.852495 -0.0228378 130.864 -0.851152 0.522705 0.0481638 -170.36 0.0529968 -0.00571447 0.998578 14.0081
0.51984 0.853875 -0.025749 131.287 -0.852842 0.520478 0.0419848 -171.063 0.0492516 0.000134489 0.998786 14.069
0.517173 0.855376 -0.0293934 131.721 -0.854426 0.517991 0.0405197 -171.765 0.0498851 0.00415884 0.998746 14.127
0.514388 0.856934 -0.0327072 132.121 -0.8559 0.51539 0.0425157 -172.464 0.0532901 0.00612458 0.99856 14.1768
0.512632 0.857908 -0.0346874 132.548 -0.856496 0.513785 0.0493966 -173.146 0.0601996 0.00438729 0.998177 14.2284
0.509388 0.859767 -0.0363964 132.958 -0.857807 0.510683 0.0580533 -173.84 0.0684994 0.00164944 0.99765 14.2828
0.507594 0.860637 -0.0406472 133.359 -0.858588 0.509197 0.0595405 -174.515 0.0719402 0.00467682 0.997398 14.3544
0.505019 0.862302 -0.0372973 133.742 -0.860667 0.506368 0.0533303 -175.168 0.064873 0.00516774 0.99788 14.4076
0.502602 0.864149 -0.0252652 134.145 -0.862931 0.503235 0.0458843 -175.834 0.0523652 -0.00125936 0.998627 14.4511
0.500682 0.865496 -0.0152861 134.547 -0.86449 0.50085 0.042498 -176.51 0.0444379 -0.00806324 0.99898 14.4952
0.498075 0.867035 -0.013075 134.937 -0.865981 0.498133 0.0440541 -177.152 0.0447096 -0.0106195 0.998944 14.5558
0.495496 0.868447 -0.016845 135.308 -0.867245 0.495711 0.0464476 -177.796 0.0486875 -0.00840581 0.998779 14.6085
0.492939 0.869865 -0.018576 135.672 -0.868552 0.493228 0.0484056 -178.435 0.0512686 -0.00772675 0.998655 14.6535
0.489978 0.871536 -0.0186268 136.038 -0.870276 0.490282 0.0473495 -179.075 0.0503991 -0.0069898 0.998705 14.6886
0.488037 0.872649 -0.0174504 136.384 -0.87144 0.488291 0.0465173 -179.706 0.0491142 -0.00749514 0.998765 14.7356
0.48551 0.874069 -0.0168234 136.737 -0.872886 0.485741 0.0461172 -180.314 0.0484814 -0.00770548 0.998794 14.7782
0.482452 0.875734 -0.0181601 137.077 -0.874528 0.48275 0.0463937 -180.93 0.0493953 -0.00650125 0.998758 14.8243
0.479188 0.877501 -0.0192703 137.4 -0.876208 0.479536 0.0480031 -181.533 0.0513636 -0.00611771 0.998661 14.8651
0.47429 0.880132 -0.0204161 137.736 -0.87875 0.474697 0.0496195 -182.141 0.0533631 -0.00559343 0.99856 14.9139
0.469427 0.882718 -0.0211326 138.061 -0.881227 0.469869 0.051592 -182.739 0.0554708 -0.00559607 0.998445 14.954
0.464898 0.885095 -0.0218184 138.374 -0.883471 0.465374 0.0538986 -183.317 0.0578591 -0.00578141 0.998308 14.9967
0.458853 0.888182 -0.0242205 138.684 -0.886376 0.459469 0.0568026 -183.914 0.0615796 -0.00459564 0.998092 15.044
0.452641 0.891297 -0.026559 138.975 -0.889322 0.453408 0.0593922 -184.503 0.0649782 -0.00326382 0.997881 15.0936
0.446068 0.894631 -0.0256521 139.288 -0.892515 0.446781 0.0616738 -185.11 0.0666361 -0.00461585 0.997767 15.1432
0.439828 0.89782 -0.0216893 139.594 -0.89561 0.44028 0.0635317 -185.729 0.0665894 -0.00851791 0.997744 15.1858
0.433171 0.901136 -0.0177873 139.904 -0.898875 0.433366 0.0649466 -186.326 0.0662342 -0.0121444 0.99773 15.2258
0.42666 0.904251 -0.0171005 140.174 -0.901955 0.426817 0.0656002 -186.93 0.0666178 -0.0125651 0.997699 15.2825
0.420063 0.907336 -0.0169962 140.482 -0.904844 0.420193 0.0685151 -187.564 0.0693078 -0.0134018 0.997505 15.335
0.412272 0.910934 -0.0152322 140.781 -0.908135 0.412229 0.0731948 -188.189 0.0729547 -0.0163432 0.997201 15.3856
0.405203 0.914116 -0.0142252 141.088 -0.911056 0.405043 0.0769215 -188.827 0.076077 -0.0182089 0.996936 15.4339
0.397846 0.917359 -0.0130986 141.363 -0.914123 0.397577 0.0794453 -189.474 0.0780875 -0.0196333 0.996753 15.4858
0.390454 0.92053 -0.0130172 141.675 -0.917128 0.390164 0.0815407 -190.135 0.0801396 -0.0198994 0.996585 15.5521
0.383029 0.923657 -0.0120854 141.947 -0.920085 0.382644 0.0838316 -190.812 0.0820561 -0.0209904 0.996407 15.6062
0.375064 0.926887 -0.014406 142.207 -0.923225 0.374893 0.0843234 -191.491 0.0835589 -0.0183267 0.996334 15.6746
0.367771 0.929791 -0.0152736 142.489 -0.926172 0.367713 0.083618 -192.199 0.0833635 -0.0166062 0.996381 15.7343
0.360005 0.932829 -0.0150104 142.778 -0.929412 0.359993 0.0812325 -192.908 0.0811797 -0.0152933 0.996582 15.802
0.353192 0.935467 -0.0125088 143.063 -0.932321 0.353051 0.0783127 -193.617 0.0776753 -0.0159972 0.99685 15.8574
0.346516 0.93797 -0.0118105 143.333 -0.935124 0.346403 0.0744811 -194.363 0.0739522 -0.0147646 0.997152 15.9116
0.340496 0.940158 -0.0128671 143.606 -0.937586 0.340529 0.0705102 -195.112 0.0706724 -0.0119445 0.997428 15.9941
0.335219 0.942079 -0.0106954 143.876 -0.939896 0.335182 0.065184 -195.875 0.0649934 -0.0117983 0.997816 16.0402
0.329477 0.944119 -0.00921013 144.143 -0.94228 0.32942 0.059923 -196.655 0.0596084 -0.0110647 0.998161 16.0798
0.324572 0.945764 -0.0135722 144.419 -0.943923 0.324792 0.0593197 -197.431 0.0605105 -0.00644238 0.998147 16.1459
0.318844 0.947612 -0.0192182 144.678 -0.94532 0.31941 0.0659369 -198.231 0.0686211 -0.00285625 0.997639 16.2036
0.314084 0.949026 -0.0264846 144.954 -0.945883 0.315198 0.0771705 -199.017 0.0815847 0.000813322 0.996666 16.2715
0.30917 0.950407 -0.0337631 145.217 -0.946722 0.31095 0.083829 -199.825 0.0901704 0.00604688 0.995908 16.3421
0.303979 0.951853 -0.0396574 145.48 -0.948567 0.306268 0.0801322 -200.646 0.0884198 0.0132592 0.995995 16.4073
0.299727 0.953046 -0.0432025 145.731 -0.950501 0.302202 0.0722542 -201.497 0.0819175 0.0194075 0.99645 16.4851
0.294665 0.954547 -0.0448628 145.972 -0.952492 0.297167 0.0667143 -202.345 0.0770137 0.0230731 0.996763 16.5473
0.290275 0.955975 -0.0430505 146.245 -0.953517 0.292746 0.0714458 -203.191 0.0809033 0.0203105 0.996515 16.6395
0.285321 0.957608 -0.0397412 146.508 -0.954259 0.2877 0.081351 -204.034 0.0893358 0.0147123 0.995893 16.7134
0.280742 0.959099 -0.0362352 146.791 -0.955412 0.282864 0.0847074 -204.913 0.0914924 0.0108386 0.995747 16.8
0.275735 0.960704 -0.0319099 147.036 -0.957351 0.277451 0.0806277 -205.775 0.0863128 0.00831708 0.996233 16.8669
0.270372 0.962342 -0.028211 147.301 -0.959256 0.27177 0.0772568 -206.665 0.0820144 0.0061735 0.996612 16.9456
0.264752 0.963943 -0.0268451 147.55 -0.960804 0.266059 0.0778992 -207.533 0.0822327 0.00516891 0.9966 17.0295
0.25978 0.965349 -0.0248093 147.82 -0.961853 0.260949 0.0821187 -208.454 0.0857472 0.00253009 0.996314 17.1205
0.25483 0.966574 -0.0282176 148.052 -0.963078 0.256313 0.0823687 -209.342 0.086848 0.00618571 0.996202 17.1944
0.250269 0.967654 -0.031788 148.287 -0.96429 0.252069 0.0812786 -210.246 0.0866623 0.0103113 0.996184 17.2794
0.246207 0.968647 -0.0332511 148.524 -0.965406 0.248133 0.0801266 -211.163 0.0858651 0.0123732 0.99623 17.3604
0.24265 0.96948 -0.0350583 148.756 -0.966354 0.24473 0.0791709 -212.093 0.0853344 0.0146679 0.996244 17.4447
0.23947 0.970269 -0.0350975 149.008 -0.967213 0.241553 0.0784304 -213.051 0.0845765 0.015165 0.996302 17.5398
0.237597 0.970835 -0.0320569 149.224 -0.967823 0.239417 0.0774426 -213.95 0.0828589 0.0126253 0.996481 17.6209
0.234549 0.971582 -0.0318678 149.46 -0.968764 0.236333 0.0751263 -214.891 0.0805228 0.0132515 0.996665 17.7021
0.23246 0.972179 -0.0288316 149.692 -0.969326 0.234007 0.075152 -215.853 0.079808 0.0104774 0.996755 17.7813
0.231172 0.972544 -0.0267806 149.917 -0.969478 0.232579 0.0775871 -216.736 0.0816855 0.00802728 0.996626 17.8659
0.228207 0.97327 -0.0258293 150.159 -0.97007 0.229557 0.0791717 -217.733 0.0829848 0.00698874 0.996526 17.9528
0.226584 0.973617 -0.0270117 150.386 -0.970453 0.228036 0.0788673 -218.648 0.0829462 0.00834352 0.996519 18.031
0.225365 0.973923 -0.0261635 150.595 -0.970855 0.226741 0.0776482 -219.552 0.0815557 0.00790175 0.996637 18.1361
0.224214 0.974191 -0.0260693 150.811 -0.971401 0.225557 0.0741875 -220.498 0.0781529 0.00868995 0.996904 18.1903
0.222296 0.974572 -0.0281659 151.025 -0.972079 0.223769 0.0706378 -221.452 0.0751443 0.011677 0.997104 18.2977
0.220971 0.974899 -0.0272837 151.244 -0.972221 0.222405 0.072957 -222.371 0.0771937 0.0104045 0.996962 18.3622
0.218901 0.975389 -0.0264496 151.469 -0.972239 0.22033 0.0787743 -223.305 0.0826632 0.00847157 0.996542 18.4582
0.217044 0.975733 -0.0289438 151.668 -0.972319 0.218723 0.0821951 -224.235 0.0865312 0.0103027 0.996196 18.5312
0.214522 0.976357 -0.0266025 151.898 -0.972867 0.216013 0.0828749 -225.149 0.086662 0.00810223 0.996205 18.6217
0.211331 0.977095 -0.0249799 152.108 -0.973885 0.21267 0.0795013 -226.113 0.0829928 0.00752641 0.996522 18.7116
0.209147 0.977616 -0.0228858 152.318 -0.974871 0.210281 0.0735383 -227.029 0.0767047 0.00693036 0.99703 18.7879
0.205216 0.978431 -0.0236428 152.506 -0.976009 0.206384 0.0693739 -227.948 0.0727571 0.00883897 0.997311 18.8721
0.201632 0.979225 -0.0215307 152.716 -0.976778 0.202657 0.06953 -228.858 0.0724489 0.00701131 0.997347 18.9513
0.196893 0.980202 -0.0208955 152.9 -0.97763 0.197896 0.0712509 -229.821 0.0739754 0.00639922 0.99724 19.0316
0.193154 0.980936 -0.0213506 153.077 -0.978359 0.194201 0.0714155 -230.721 0.0742004 0.00709433 0.997218 19.1034
0.188841 0.98179 -0.0206863 153.276 -0.979239 0.189848 0.0710572 -231.636 0.0736904 0.00683833 0.997258 19.1826
0.184505 0.982604 -0.0211681 153.46 -0.980142 0.18555 0.0699467 -232.575 0.0726576 0.00784222 0.997326 19.2603
0.180957 0.983283 -0.0202055 153.629 -0.98084 0.181938 0.0696569 -233.502 0.0721686 0.00721344 0.997366 19.3295
0.177187 0.984002 -0.0185606 153.813 -0.981523 0.178062 0.0700402 -234.435 0.0722246 0.00580741 0.997371 19.4078
0.172923 0.984819 -0.0151363 153.966 -0.982253 0.173566 0.0710958 -235.357 0.0726436 0.00257352 0.997355 19.4851
0.16892 0.985543 -0.0131153 154.133 -0.983017 0.169425 0.0705167 -236.268 0.0717193 0.000980856 0.997424 19.5559
0.16544 0.986183 -0.0085243 154.306 -0.983613 0.165624 0.0712303 -237.197 0.071658 -0.00339972 0.997423 19.6302
0.161944 0.986793 -0.00364678 154.48 -0.983941 0.161755 0.0754709 -238.116 0.0750641 -0.00863383 0.997141 19.7113
0.158837 0.987304 -0.0013953 154.642 -0.984079 0.158432 0.0805497 -239.019 0.0797481 -0.0114212 0.99675 19.7896
0.15516 0.987889 0.000353912 154.798 -0.984499 0.154598 0.0828296 -239.911 0.0817718 -0.0132002 0.996564 19.8667
0.151948 0.988386 0.00212257 154.947 -0.985185 0.151282 0.0807758 -240.85 0.0795166 -0.0143648 0.99673 19.9441
0.148544 0.988903 0.00226235 155.092 -0.986021 0.147936 0.0766688 -241.775 0.0754834 -0.0136194 0.997054 20.0271
0.145567 0.989344 0.00299482 155.216 -0.986649 0.144946 0.0742625 -242.691 0.073037 -0.013765 0.997234 20.099
0.142114 0.989849 0.00162073 155.359 -0.987265 0.141624 0.0724669 -243.631 0.0715017 -0.0118986 0.99737 20.1863
0.138853 0.990312 0.00130302 155.49 -0.987713 0.138393 0.0725929 -244.506 0.0717093 -0.0113667 0.997361 20.2548
0.13429 0.99094 0.00205926 155.624 -0.988239 0.13377 0.0740935 -245.421 0.0731467 -0.0119851 0.997249 20.3203
0.129976 0.991512 0.00310618 155.75 -0.988603 0.129354 0.0770229 -246.325 0.0759674 -0.0130819 0.997024 20.4083
0.12451 0.992204 -0.00540868 155.846 -0.989505 0.124571 0.0732252 -247.247 0.073328 -0.00376537 0.997301 20.4725
0.119663 0.99279 -0.00692826 155.974 -0.990529 0.119858 0.066987 -248.153 0.0673345 -0.00115324 0.99773 20.5429
0.114698 0.993383 -0.00588553 156.055 -0.991063 0.114832 0.0678752 -249.049 0.0681019 -0.0019522 0.997676 20.6095
0.109842 0.993909 -0.00897131 156.169 -0.990752 0.110207 0.0791468 -249.942 0.0796534 0.000194737 0.996823 20.7021
0.104506 0.994469 -0.0104605 156.283 -0.990154 0.105026 0.0925498 -250.823 0.0931366 0.000685486 0.995653 20.7703
0.098806 0.995065 -0.00908969 156.365 -0.990366 0.0992217 0.0965937 -251.698 0.0970189 -0.000541907 0.995282 20.8606
0.0936953 0.995592 -0.00417616 156.45 -0.991348 0.0936816 0.0919375 -252.591 0.0919235 -0.00447409 0.995756 20.9356
0.0886384 0.996063 -0.00117685 156.543 -0.992456 0.0884178 0.084931 -253.494 0.0847007 -0.00636018 0.996386 21.0283
0.0835558 0.996502 0.00155655 156.643 -0.993269 0.0831588 0.0806296 -254.375 0.0802181 -0.00828315 0.996743 21.1
0.0775023 0.996973 0.00615949 156.73 -0.993844 0.0767656 0.0798762 -255.252 0.0791616 -0.0123122 0.996786 21.1869
0.0707496 0.997435 0.0108533 156.808 -0.994511 0.0696929 0.0780461 -256.146 0.0770895 -0.0163155 0.996891 21.2673
0.0638758 0.997832 0.015857 156.884 -0.995307 0.0625407 0.0738426 -257.024 0.0726908 -0.0204993 0.997144 21.3349
0.0568991 0.99822 0.017844 156.945 -0.995989 0.0555176 0.0701678 -257.929 0.0690522 -0.021765 0.997376 21.4044
0.0494297 0.998676 0.0142514 156.988 -0.996262 0.0482881 0.0716254 -258.801 0.0708423 -0.0177385 0.99733 21.4879
0.0431289 0.998981 0.0133263 157.03 -0.996282 0.042009 0.0752121 -259.666 0.0745756 -0.0165206 0.997079 21.5503
0.0366168 0.999264 0.0114743 157.05 -0.996356 0.0356203 0.0775031 -260.524 0.0770373 -0.0142704 0.996926 21.6244
0.030271 0.999478 0.011326 157.083 -0.996681 0.0293258 0.0759415 -261.417 0.0755697 -0.0135872 0.997048 21.6944
0.0238561 0.999626 0.0133697 157.116 -0.997064 0.0228173 0.073097 -262.278 0.0727646 -0.0150743 0.997235 21.7606
0.0180546 0.999786 0.010144 157.125 -0.997268 0.0172804 0.071819 -263.144 0.0716283 -0.0114129 0.997366 21.8307
0.0121312 0.999893 0.0081637 157.149 -0.997221 0.0114977 0.0736133 -263.995 0.0735115 -0.00903403 0.997253 21.9058
0.0077327 0.99992 0.0100191 157.156 -0.996976 0.00693436 0.0774031 -264.867 0.0773274 -0.0105873 0.99695 21.9733
0.00427355 0.999962 0.0075792 157.164 -0.996863 0.00366108 0.0790585 -265.751 0.0790278 -0.00789329 0.996841 22.0487
0.00130304 0.999996 0.00245931 157.159 -0.99696 0.00110748 0.0779082 -266.626 0.0779052 -0.00255336 0.996958 22.1249
-0.00085169 1 0.000202091 157.158 -0.997155 -0.000864499 0.0753724 -267.467 0.0753725 -0.000137322 0.997155 22.1875
-0.0029744 0.999994 -0.001538 157.166 -0.997274 -0.0028529 0.0737388 -268.335 0.073734 0.00175313 0.997276 22.2655
-0.00456536 0.999983 -0.00373507 157.153 -0.997338 -0.00428142 0.0727882 -269.222 0.0727709 0.00405743 0.99734 22.333
-0.00578175 0.999971 -0.00504252 157.147 -0.997235 -0.00539218 0.0741185 -270.075 0.0740891 0.00545711 0.997237 22.4124
-0.00650331 0.999953 -0.00725565 157.156 -0.997121 -0.00593636 0.0755972 -270.925 0.0755505 0.00772639 0.997112 22.4772
-0.00639161 0.999924 -0.0105068 157.141 -0.997003 -0.00556211 0.0771662 -271.792 0.0771019 0.0109685 0.996963 22.5515
-0.00531613 0.999907 -0.01255 157.139 -0.996928 -0.00431876 0.0782025 -272.622 0.0781411 0.0129272 0.996858 22.6235
-0.00410197 0.999889 -0.0143562 157.127 -0.996916 -0.00296378 0.0784242 -273.49 0.0783729 0.0146336 0.996817 22.6993
-0.00255222 0.999864 -0.0163169 157.124 -0.99692 -0.00126498 0.078419 -274.282 0.0783876 0.0164668 0.996787 22.7699
-0.000112616 0.999848 -0.0174135 157.132 -0.996996 0.00123642 0.0774407 -275.11 0.0774505 0.0173699 0.996845 22.845
0.00241623 0.999823 -0.0186354 157.126 -0.997139 0.00381686 0.0754946 -275.919 0.0755524 0.0183997 0.996972 22.911
0.00550501 0.999802 -0.019099 157.138 -0.997353 0.00687433 0.0723874 -276.733 0.0725044 0.01865 0.997194 22.9841
0.0090201 0.99979 -0.0183915 157.142 -0.997539 0.0102757 0.0693598 -277.528 0.0695342 0.0177206 0.997422 23.0521
0.0129423 0.999762 -0.0175901 157.168 -0.997648 0.0140952 0.0670819 -278.317 0.0673138 0.0166805 0.997592 23.118
0.0169042 0.999779 -0.0125078 157.195 -0.997578 0.0177084 0.0672578 -279.059 0.0674644 0.0113406 0.997657 23.1764
0.0208882 0.999729 -0.0103049 157.199 -0.997418 0.021546 0.0685065 -279.826 0.06871 0.00884736 0.997597 23.2435
0.025172 0.999642 -0.00907275 157.234 -0.997276 0.0257398 0.0691205 -280.575 0.0693293 0.00730814 0.997567 23.3021
0.0283795 0.999544 -0.0103198 157.257 -0.997362 0.0290045 0.0665361 -281.324 0.0668051 0.00840432 0.997731 23.3578
0.0324488 0.999441 -0.00810661 157.285 -0.997454 0.0328975 0.0632759 -282.063 0.0635072 0.00603274 0.997963 23.4178
0.0361813 0.999328 -0.00584702 157.322 -0.997445 0.0364725 0.0614214 -282.788 0.0615934 0.00360977 0.998095 23.4717
0.0405218 0.999154 -0.00702738 157.354 -0.997218 0.0408817 0.062336 -283.475 0.0625706 0.00448186 0.99803 23.5279
0.0442501 0.998997 -0.00684287 157.377 -0.996969 0.0445969 0.0637451 -284.138 0.0639864 0.00400141 0.997943 23.5774
0.0471893 0.998862 -0.00690043 157.421 -0.996714 0.047541 0.0655898 -284.821 0.0658432 0.00378261 0.997823 23.6266
0.0502161 0.998721 -0.00594316 157.472 -0.996379 0.0505054 0.0683923 -285.46 0.068605 0.00248724 0.997641 23.6882
0.0535642 0.998559 -0.0034117 157.505 -0.996189 0.0536719 0.0687544 -286.098 0.0688384 -0.000284068 0.997628 23.7332
0.0570155 0.998373 -0.000923895 157.554 -0.995954 0.0569417 0.06952 -286.734 0.0694595 -0.00304356 0.99758 23.7878
0.0601529 0.998189 0.000487077 157.584 -0.99573 0.0599705 0.0701821 -287.333 0.0700258 -0.00470665 0.997534 23.8257
0.0641112 0.997942 0.000877909 157.628 -0.995542 0.0638959 0.0693842 -287.981 0.0691853 -0.0053223 0.99759 23.8874
0.0674119 0.997725 0.000817357 157.677 -0.995238 0.0671861 0.0706173 -288.584 0.0704017 -0.00557391 0.997503 23.9324
0.0706151 0.997491 0.00504006 157.729 -0.994812 0.0700528 0.073762 -289.143 0.0732239 -0.0102226 0.997263 23.9821
0.0731916 0.997305 0.00507583 157.776 -0.994629 0.0726198 0.0737554 -289.704 0.073188 -0.0104468 0.997263 24.02
0.0767775 0.997026 0.00665532 157.815 -0.994401 0.0760857 0.0733382 -290.277 0.0726137 -0.0122488 0.997285 24.0799
0.0794766 0.996805 0.00794115 157.875 -0.994209 0.0786865 0.0731901 -290.811 0.0723314 -0.0137121 0.997286 24.1203
0.0821403 0.996594 0.00730671 157.925 -0.993973 0.0813859 0.0734431 -291.364 0.0725983 -0.0132953 0.997273 24.1686
0.0855763 0.996293 0.00874412 157.967 -0.9936 0.0846891 0.0747402 -291.903 0.0737226 -0.0150842 0.997165 24.2107
0.08786 0.996096 0.00857403 158.041 -0.993324 0.0869632 0.0757908 -292.437 0.0747493 -0.0151758 0.997087 24.2587
0.0904826 0.995869 0.0075947 158.081 -0.992991 0.0896337 0.0770306 -292.937 0.0760317 -0.0145114 0.997 24.304
0.0926465 0.995665 0.00820804 158.128 -0.992664 0.0917179 0.0787724 -293.422 0.0776781 -0.0154458 0.996859 24.3425
0.0937776 0.99555 0.00924706 158.19 -0.992482 0.0927468 0.0798615 -293.899 0.0786485 -0.0166668 0.996763 24.3805
0.0959205 0.995342 0.00972011 158.226 -0.992153 0.0948173 0.0815019 -294.412 0.0802006 -0.0174615 0.996626 24.4265
0.0966008 0.995273 0.00998438 158.284 -0.991982 0.0954504 0.0828312 -294.896 0.0814867 -0.0179059 0.996514 24.4698
0.0964893 0.995288 0.00954572 158.347 -0.991935 0.0953635 0.0834876 -295.365 0.0821839 -0.0175244 0.996463 24.5131
0.0960619 0.995333 0.00913388 158.392 -0.991944 0.0949654 0.0838394 -295.873 0.0825808 -0.0171141 0.996437 24.5596
0.0955773 0.99536 0.0111317 158.435 -0.992045 0.0943268 0.0833577 -296.353 0.0819209 -0.0190102 0.996458 24.5929
0.0937113 0.995533 0.0115283 158.511 -0.992303 0.0924534 0.0823787 -296.865 0.0809449 -0.0191594 0.996534 24.6371
0.0921646 0.99569 0.0103613 158.546 -0.992415 0.0910014 0.0826492 -297.375 0.0813501 -0.0179001 0.996525 24.6882
0.0896007 0.995947 0.00780295 158.602 -0.992385 0.0886099 0.0855638 -297.89 0.0845256 -0.0154101 0.996302 24.7311
0.0879355 0.996123 0.00247997 158.612 -0.992177 0.0873651 0.0891769 -298.404 0.0886145 -0.0103024 0.996013 24.7921
0.0848801 0.996391 -0.000658936 158.677 -0.991963 0.0845651 0.0941204 -298.945 0.0938365 -0.00733531 0.995561 24.8354
0.0827404 0.996571 -0.000206757 158.721 -0.991832 0.0823672 0.0973915 -299.475 0.0970746 -0.00785314 0.995246 24.8778
0.0807545 0.996734 0.000228881 158.76 -0.991931 0.0803428 0.0980746 -300.017 0.0977359 -0.008147 0.995179 24.9083
0.0788012 0.996884 -0.00344439 158.805 -0.992335 0.0787705 0.0952157 -300.601 0.0951904 -0.00408512 0.995451 24.9732
0.076922 0.996967 -0.0118553 158.841 -0.992921 0.0776784 0.0898606 -301.175 0.090509 0.00485913 0.995884 25.0457
0.0747582 0.99711 -0.0135102 158.881 -0.993185 0.075665 0.0886505 -301.771 0.0894166 0.00679075 0.995971 25.1079
0.0722629 0.997339 -0.00962709 158.928 -0.993075 0.0728436 0.0921692 -302.366 0.0926252 0.00290002 0.995697 25.1554
0.0699093 0.997532 -0.0064971 158.989 -0.99309 0.0702105 0.094032 -302.974 0.0942561 -0.0001215 0.995548 25.195
0.0685805 0.997586 -0.0109443 159.029 -0.993279 0.0693014 0.0927047 -303.589 0.0932394 0.00451297 0.995633 25.2598
0.0672671 0.997617 -0.0153149 159.055 -0.993534 0.0683831 0.0906292 -304.206 0.0914606 0.00911954 0.995767 25.3182
0.0648599 0.997753 -0.0167984 159.114 -0.993704 0.0661195 0.0904472 -304.862 0.0913546 0.0108262 0.99576 25.3907
0.0631388 0.99792 -0.0130391 159.157 -0.99371 0.0640725 0.0918467 -305.516 0.092491 0.00715795 0.995688 25.4482
0.0612166 0.998065 -0.0108789 159.203 -0.993682 0.0619677 0.0935716 -306.17 0.0940647 0.00508208 0.995553 25.5084
0.0593805 0.998186 -0.00990394 159.251 -0.993474 0.0600623 0.0969679 -306.848 0.0973869 0.00408129 0.995238 25.5632
0.0579986 0.99826 -0.0106362 159.268 -0.993367 0.0587674 0.0988312 -307.544 0.0992843 0.00483356 0.995047 25.6402
0.0564533 0.998372 -0.00812249 159.326 -0.993576 0.0569776 0.0977801 -308.24 0.0980837 0.00255029 0.995175 25.7042
0.0546896 0.998495 -0.00397406 159.378 -0.993763 0.0548169 0.0971089 -308.94 0.0971806 -0.00136157 0.995266 25.7758
0.052628 0.99861 -0.00276604 159.411 -0.993779 0.0526452 0.0981427 -309.65 0.0981519 -0.00241622 0.995169 25.8358
0.050602 0.998699 -0.00629299 159.461 -0.993408 0.0509809 0.102676 -310.37 0.102863 0.0010559 0.994695 25.9259
0.0490984 0.998764 -0.00769277 159.493 -0.992839 0.049644 0.108654 -311.082 0.108901 0.00230297 0.99405 25.9975
0.0477973 0.998829 -0.00751306 159.532 -0.992462 0.0483397 0.11262 -311.833 0.112851 0.00207351 0.99361 26.0647
0.046971 0.998838 -0.0108281 159.567 -0.992733 0.0478808 0.1104 -312.581 0.11079 0.00556382 0.993828 26.1496
0.0455303 0.998838 -0.0158022 159.586 -0.99341 0.0469372 0.104565 -313.34 0.105185 0.0109372 0.994392 26.2377
0.0444931 0.998828 -0.0190463 159.625 -0.993742 0.0462057 0.101696 -314.102 0.102457 0.0144023 0.994633 26.3252
0.0431134 0.99885 -0.0209954 159.659 -0.993725 0.0450442 0.102379 -314.869 0.103207 0.0164498 0.994524 26.4076
0.0418225 0.9989 -0.0212039 159.689 -0.993596 0.0438112 0.104147 -315.635 0.104962 0.0167124 0.994336 26.4837
0.0414404 0.998893 -0.0222731 159.72 -0.993482 0.0435647 0.105337 -316.439 0.106191 0.0177627 0.994187 26.5694
0.0412574 0.998882 -0.0230601 159.758 -0.993569 0.0434518 0.10456 -317.227 0.105445 0.0185979 0.994251 26.6551
0.0421811 0.998824 -0.0239037 159.782 -0.99371 0.0444253 0.102798 -318.053 0.103739 0.0194171 0.994415 26.7402
0.0430757 0.998777 -0.0242523 159.822 -0.993814 0.0453236 0.101392 -318.853 0.102367 0.0197348 0.994551 26.8267
0.0441248 0.998718 -0.024799 159.862 -0.993834 0.0464093 0.100694 -319.671 0.101716 0.020203 0.994608 26.9179
0.0452567 0.998681 -0.0242662 159.904 -0.993936 0.047452 0.099196 -320.504 0.100217 0.0196298 0.994772 26.9914
0.0476323 0.998545 -0.0252965 159.955 -0.993964 0.049889 0.0977044 -321.348 0.0988242 0.0204899 0.994894 27.0854
0.049414 0.998416 -0.0268891 159.998 -0.993992 0.0517919 0.0964243 -322.197 0.0976642 0.0219628 0.994977 27.1709
0.050935 0.998321 -0.0275838 160.044 -0.993978 0.053358 0.0957161 -323.03 0.0970272 0.0225423 0.995026 27.2589
0.0527304 0.998207 -0.0283094 160.083 -0.993839 0.055225 0.0960987 -323.89 0.0974899 0.0230676 0.994969 27.34
0.0565368 0.997931 -0.0306078 160.146 -0.993675 0.0592219 0.0954053 -324.761 0.0970206 0.0250203 0.994968 27.4277
0.058678 0.997742 -0.0326828 160.189 -0.993657 0.0615212 0.0941307 -325.631 0.0959289 0.0269521 0.995023 27.5121
0.0615938 0.997512 -0.0342977 160.24 -0.99356 0.0645515 0.0931186 -326.521 0.0951009 0.0283413 0.995064 27.6059
0.064439 0.997302 -0.035152 160.3 -0.993294 0.0674887 0.0938692 -327.401 0.0959883 0.0288674 0.994964 27.6914
0.0672996 0.997069 -0.0363974 160.365 -0.993036 0.0704737 0.0944062 -328.293 0.0966946 0.0297905 0.994868 27.779
0.0703886 0.99687 -0.0360033 160.429 -0.992741 0.0735344 0.0951738 -329.188 0.0975234 0.0290428 0.994809 27.8756
0.0731827 0.996745 -0.0338153 160.511 -0.992401 0.076143 0.09666 -330.074 0.0989202 0.0264845 0.994743 27.9577
0.0756492 0.996597 -0.0327369 160.594 -0.992117 0.0785173 0.0976625 -330.993 0.0999006 0.0250907 0.994681 28.055
0.0782726 0.996466 -0.0304771 160.665 -0.991863 0.080917 0.0982827 -331.902 0.100401 0.0225363 0.994692 28.1465
0.0802247 0.996325 -0.0300066 160.745 -0.991822 0.0827877 0.0971395 -332.823 0.0992666 0.0219682 0.994818 28.243
0.0819163 0.996186 -0.0300652 160.813 -0.991946 0.0844175 0.0944265 -333.752 0.0966043 0.022088 0.995078 28.3433
0.0835302 0.996034 -0.0306287 160.901 -0.992046 0.0860217 0.0919017 -334.655 0.094172 0.0227085 0.995297 28.4307
0.084199 0.995949 -0.0315482 160.994 -0.992009 0.0867672 0.0915932 -335.598 0.0939595 0.0235841 0.995297 28.5212
0.0851517 0.995805 -0.0334791 161.066 -0.991787 0.0879307 0.0928808 -336.509 0.0954351 0.0252952 0.995114 28.6316
0.0855763 0.995807 -0.0323265 161.153 -0.991777 0.0882392 0.0926994 -337.427 0.0951632 0.0241278 0.995169 28.7069
0.085844 0.995851 -0.0302047 161.24 -0.991913 0.0882706 0.0911962 -338.356 0.093484 0.0221318 0.995375 28.8031
0.0862505 0.995882 -0.0279202 161.325 -0.992052 0.0884283 0.0895136 -339.265 0.0916139 0.0199777 0.995594 28.8969
0.0865041 0.995909 -0.0261083 161.427 -0.99196 0.0885316 0.090427 -340.198 0.0923685 0.0180761 0.995561 28.991
0.0869797 0.995874 -0.0258703 161.508 -0.991815 0.0890035 0.0915523 -341.101 0.0934771 0.0176953 0.995464 29.0814
0.086852 0.995898 -0.0253637 161.596 -0.99181 0.0888326 0.0917676 -342.003 0.0936444 0.0171858 0.995457 29.1723
0.0876314 0.995851 -0.0245157 161.678 -0.991685 0.0895402 0.0924275 -342.923 0.0942392 0.0162123 0.995418 29.2621
0.0878023 0.99584 -0.0243577 161.773 -0.991622 0.0897038 0.0929476 -343.843 0.094746 0.0159926 0.995373 29.3601
0.0880302 0.995833 -0.0238382 161.846 -0.991628 0.0898779 0.0927138 -344.721 0.09447 0.015477 0.995407 29.4482
0.0882387 0.995797 -0.0245545 161.931 -0.991702 0.0901362 0.0916669 -345.649 0.0934948 0.0162621 0.995487 29.534
0.0890065 0.995748 -0.0237584 162.015 -0.991597 0.0908333 0.0921155 -346.546 0.0938818 0.0153599 0.995465 29.6348
0.0886943 0.995759 -0.0244471 162.102 -0.991399 0.0906241 0.0944209 -347.421 0.096236 0.0158623 0.995232 29.7166
0.0893115 0.995645 -0.0267185 162.176 -0.991224 0.0914759 0.0954341 -348.309 0.0974627 0.0179607 0.995077 29.8189
0.0903614 0.995474 -0.0294426 162.258 -0.991378 0.0927279 0.0925846 -349.232 0.0948956 0.0208227 0.995269 29.8984
0.0921831 0.99524 -0.0316289 162.341 -0.991479 0.0946783 0.0894739 -350.154 0.0920425 0.0231114 0.995487 29.9954
0.0935288 0.994972 -0.0358227 162.425 -0.991184 0.0964436 0.0908502 -351.012 0.0938483 0.0270098 0.99522 30.081
0.0959328 0.994528 -0.0413717 162.503 -0.990388 0.099529 0.0960453 -351.919 0.0996374 0.0317602 0.994517 30.1764
0.0989492 0.994053 -0.0454696 162.595 -0.989723 0.103053 0.0991412 -352.795 0.103237 0.0351923 0.994034 30.2671
0.102367 0.993554 -0.0486954 162.685 -0.989395 0.106765 0.0984786 -353.692 0.103043 0.038098 0.993947 30.369
0.104859 0.993206 -0.0504535 162.786 -0.989078 0.109438 0.0987294 -354.609 0.10358 0.0395499 0.993834 30.4574
0.108133 0.992811 -0.0513208 162.875 -0.988505 0.112864 0.100599 -355.482 0.105668 0.0398528 0.993603 30.5599
0.112192 0.992354 -0.0514374 162.972 -0.988027 0.11692 0.100664 -356.375 0.105908 0.0395278 0.99359 30.6596
0.115933 0.991972 -0.0505178 163.089 -0.987961 0.120411 0.0971322 -357.258 0.102435 0.0386488 0.993989 30.753
0.120297 0.991526 -0.049038 163.219 -0.987823 0.124464 0.0933453 -358.191 0.0986578 0.0372118 0.994425 30.8557
0.125273 0.991016 -0.0468338 163.329 -0.987377 0.129146 0.0916902 -359.068 0.0969148 0.0347564 0.994686 30.9491
0.130339 0.990426 -0.0454683 163.46 -0.98677 0.134045 0.0912002 -359.984 0.0964219 0.0329798 0.994794 31.0498
0.135737 0.989768 -0.0439916 163.572 -0.986109 0.139259 0.0905304 -360.842 0.0957303 0.0310922 0.994922 31.1326
0.142304 0.988889 -0.0429917 163.706 -0.985179 0.145705 0.0905143 -361.751 0.0957727 0.029474 0.994967 31.2267
0.149577 0.987868 -0.041758 163.849 -0.98398 0.152866 0.0917316 -362.636 0.0970021 0.027368 0.994908 31.3211
0.157569 0.986674 -0.0405661 164.005 -0.982618 0.160739 0.0928672 -363.536 0.0981503 0.025228 0.994852 31.4148
0.166999 0.985177 -0.0392127 164.153 -0.980953 0.170022 0.0939389 -364.408 0.0992135 0.022778 0.994805 31.5052
0.176333 0.983565 -0.0388035 164.322 -0.979261 0.179284 0.0943654 -365.292 0.0997714 0.021359 0.994781 31.5984
0.18576 0.981862 -0.0379396 164.487 -0.977489 0.188588 0.0946052 -366.184 0.100044 0.0195117 0.994792 31.6952
0.195273 0.980047 -0.037089 164.661 -0.975627 0.197974 0.0946501 -367.075 0.100104 0.0177024 0.994819 31.7933
0.20481 0.978133 -0.0361797 164.861 -0.973679 0.207376 0.0945785 -367.964 0.100013 0.0158568 0.99486 31.8884
0.211875 0.976657 -0.0353651 165.067 -0.972207 0.214322 0.0942351 -368.805 0.0996148 0.0144161 0.994922 31.9812
0.219476 0.975011 -0.0344041 165.267 -0.970529 0.221792 0.0942431 -369.722 0.0995186 0.0127061 0.994955 32.081
0.225573 0.973645 -0.0336504 165.459 -0.96912 0.227789 0.0944415 -370.605 0.0996177 0.0113077 0.994962 32.1771
0.230287 0.972559 -0.0331098 165.687 -0.967961 0.232433 0.0950073 -371.472 0.100096 0.01017 0.994926 32.2771
0.235198 0.9714 -0.0326316 165.906 -0.966794 0.237272 0.0949333 -372.378 0.0999607 0.0092199 0.994949 32.3727
0.239785 0.970299 -0.0319761 166.133 -0.965671 0.241772 0.0950009 -373.259 0.0999103 0.00809862 0.994963 32.471
0.244043 0.969225 -0.0323459 166.364 -0.964601 0.246045 0.0949054 -374.143 0.0999432 0.00803994 0.994961 32.5664
0.24865 0.968042 -0.0326872 166.595 -0.963388 0.250667 0.0951334 -375.027 0.100287 0.00783549 0.994928 32.667
0.25329 0.96684 -0.0326259 166.823 -0.962195 0.255277 0.0949455 -375.912 0.100126 0.00734373 0.994948 32.7614
0.257509 0.965723 -0.0326684 167.072 -0.961217 0.259469 0.0934756 -376.787 0.098748 0.00733061 0.995085 32.8605
0.262224 0.964485 -0.0317338 167.32 -0.960085 0.264062 0.0922428 -377.685 0.0973465 0.00627886 0.995231 32.9525
0.266869 0.963201 -0.032023 167.571 -0.959006 0.2687 0.0900433 -378.55 0.0953343 0.00668048 0.995423 33.0471
0.271336 0.961961 -0.0317429 167.821 -0.957964 0.273107 0.0878544 -379.436 0.0931817 0.00657047 0.995627 33.1429
0.275873 0.960708 -0.0305589 168.072 -0.956833 0.277507 0.0863695 -380.304 0.0914562 0.00541282 0.995794 33.2327
0.280236 0.959438 -0.0307773 168.332 -0.955562 0.281873 0.0863107 -381.175 0.0914851 0.00522228 0.995793 33.3258
0.284563 0.958182 -0.0301955 168.592 -0.954005 0.286141 0.0894336 -382.016 0.0943338 0.00335714 0.995535 33.4159
0.289257 0.956806 -0.0291906 168.852 -0.952323 0.290724 0.0925247 -382.881 0.0970147 0.00103547 0.995282 33.5083
0.293686 0.955492 -0.0279862 169.129 -0.950953 0.295016 0.0930254 -383.728 0.0971414 -0.000706751 0.99527 33.6048
0.296965 0.954549 -0.0254772 169.405 -0.950344 0.298046 0.0895256 -384.574 0.0930499 -0.00237387 0.995659 33.6911
0.299916 0.953724 -0.0214514 169.662 -0.949758 0.300627 0.0870857 -385.411 0.0895046 -0.00574479 0.99597 33.7788
0.301509 0.953298 -0.0177504 169.937 -0.949255 0.301873 0.0882496 -386.241 0.0894866 -0.00975834 0.99594 33.8627
0.302721 0.952944 -0.0160658 170.221 -0.948469 0.30287 0.0931519 -387.069 0.0936344 -0.0129612 0.995522 33.9551
0.303202 0.952798 -0.0156602 170.501 -0.947896 0.303247 0.0976416 -387.894 0.0977816 -0.0147609 0.995098 34.0399
0.303974 0.952575 -0.0141945 170.767 -0.947647 0.303864 0.0981438 -388.712 0.0978025 -0.0163818 0.995071 34.1323
0.304266 0.952529 -0.0104724 171.043 -0.947991 0.303859 0.0947791 -389.53 0.093462 -0.0189104 0.995443 34.2193
0.304835 0.952382 -0.00668132 171.304 -0.948269 0.304157 0.0909609 -390.351 0.0886617 -0.0213924 0.995832 34.3005
0.305158 0.952291 -0.00458539 171.58 -0.948406 0.304341 0.0888957 -391.157 0.0860501 -0.0227784 0.99603 34.3875
0.304312 0.952562 -0.00442801 171.83 -0.948725 0.303497 0.0883726 -391.95 0.0855243 -0.0226919 0.996078 34.4701
0.304381 0.952538 -0.00495361 172.1 -0.948633 0.303596 0.0890217 -392.758 0.0863004 -0.0223973 0.996017 34.5517
0.303684 0.952758 -0.00524922 172.362 -0.94876 0.302905 0.0900117 -393.558 0.0873495 -0.0223548 0.995927 34.6266
0.302923 0.952965 -0.00970936 172.618 -0.949152 0.302596 0.0868729 -394.359 0.0857248 -0.0171002 0.996172 34.7008
0.302867 0.952969 -0.0110734 172.865 -0.949314 0.30269 0.0847446 -395.16 0.0841108 -0.0151542 0.996341 34.7848
0.302418 0.953108 -0.0112945 173.127 -0.949297 0.302234 0.0865475 -395.96 0.0859027 -0.0154517 0.996184 34.8626
0.30161 0.953317 -0.0147645 173.379 -0.949077 0.301675 0.0907964 -396.753 0.0910118 -0.0133724 0.99576 34.9462
0.301627 0.953277 -0.0168626 173.641 -0.948593 0.301829 0.0952438 -397.548 0.0958834 -0.0127323 0.995311 35.0355
0.301316 0.953396 -0.0156414 173.909 -0.948765 0.301409 0.0948524 -398.36 0.0951464 -0.0137406 0.995368 35.0963
0.300789 0.953567 -0.0153587 174.16 -0.949269 0.300905 0.091345 -399.15 0.0917251 -0.012896 0.995701 35.184
0.300618 0.953639 -0.0141704 174.423 -0.949391 0.300631 0.0909884 -399.968 0.0910302 -0.0138995 0.995751 35.2673
0.300499 0.953659 -0.0153393 174.688 -0.949271 0.300601 0.0923197 -400.796 0.0926525 -0.0131808 0.995611 35.344
0.300479 0.953636 -0.0170345 174.958 -0.948956 0.300704 0.0951855 -401.629 0.0958947 -0.0124362 0.995314 35.4381
0.300732 0.953535 -0.018207 175.224 -0.948722 0.301055 0.0964002 -402.461 0.0974022 -0.0117173 0.995176 35.5195
0.300394 0.953645 -0.0180149 175.491 -0.948944 0.300713 0.0952753 -403.304 0.0962762 -0.0115249 0.995288 35.6062
0.301371 0.953328 -0.0184859 175.765 -0.948886 0.30176 0.0925031 -404.153 0.0937641 -0.0103367 0.995541 35.6843
0.301229 0.953315 -0.0212789 176.05 -0.948906 0.301886 0.0918773 -405.021 0.0940117 -0.0074844 0.995543 35.7801
0.301739 0.953046 -0.0256426 176.322 -0.948616 0.302808 0.0918437 -405.872 0.095296 -0.00338784 0.995443 35.8656
0.302005 0.952854 -0.0293516 176.604 -0.948454 0.303428 0.091473 -406.76 0.0960665 0.000213396 0.995375 35.9649
0.303334 0.952345 -0.032058 176.877 -0.948085 0.305008 0.0900291 -407.624 0.0955166 0.00308476 0.995423 36.0448
0.304332 0.951849 -0.0369379 177.137 -0.94775 0.306461 0.0886158 -408.479 0.0956689 0.00803926 0.995381 36.1468
0.305409 0.951311 -0.04162 177.417 -0.947441 0.30796 0.086701 -409.349 0.0952969 0.0129532 0.995365 36.2464
0.306072 0.951207 -0.0390679 177.706 -0.947526 0.308351 0.0843471 -410.225 0.0922782 0.0112016 0.99567 36.3297
0.306684 0.951171 -0.0349177 177.997 -0.947886 0.308542 0.0794635 -411.077 0.0863569 0.00872784 0.996226 36.3996
0.307474 0.950921 -0.0347574 178.286 -0.94799 0.309277 0.0752512 -411.956 0.0823077 0.00981183 0.996559 36.4955
0.307737 0.950811 -0.0354564 178.56 -0.947855 0.3096 0.0756252 -412.815 0.0828825 0.0103349 0.996506 36.5835
0.308267 0.950615 -0.0360965 178.845 -0.947395 0.310215 0.0787987 -413.674 0.0861049 0.00990667 0.996237 36.6638
0.308976 0.950328 -0.037564 179.128 -0.946993 0.311064 0.0802656 -414.526 0.0879635 0.0107727 0.996065 36.7569
0.30954 0.950063 -0.039575 179.403 -0.946896 0.311783 0.0786112 -415.366 0.0870243 0.0131401 0.99612 36.8377
0.310424 0.949724 -0.0407597 179.672 -0.946771 0.312734 0.0763021 -416.224 0.0852128 0.0149041 0.996251 36.9269
0.31054 0.949711 -0.0401851 179.964 -0.946882 0.312777 0.0747354 -417.054 0.083546 0.0148422 0.996393 37.0041
0.310356 0.949825 -0.0388884 180.241 -0.94694 0.312492 0.0751944 -417.891 0.0835738 0.0134879 0.99641 37.0941
0.309877 0.950004 -0.0383113 180.516 -0.947086 0.311971 0.0755125 -418.72 0.0836893 0.0128845 0.996409 37.1726
0.31002 0.949946 -0.0385916 180.771 -0.94716 0.312116 0.0739687 -419.507 0.0823113 0.0136207 0.996514 37.2501
0.30877 0.950333 -0.0391009 181.039 -0.947812 0.310865 0.0708167 -420.319 0.0794545 0.0151942 0.996723 37.3328
0.308133 0.950573 -0.0382822 181.307 -0.948158 0.310143 0.0693336 -421.108 0.0777795 0.0149336 0.996859 37.4059
0.306968 0.950926 -0.0388668 181.547 -0.948564 0.309018 0.0688072 -421.891 0.0774411 0.015746 0.996873 37.4783
0.305258 0.951394 -0.0408313 181.804 -0.948972 0.307486 0.0700251 -422.671 0.0791765 0.017372 0.996709 37.5558
0.304279 0.95165 -0.0421629 182.045 -0.948915 0.30669 0.0741736 -423.412 0.0835183 0.0174395 0.996354 37.6286
0.302725 0.952179 -0.0413875 182.313 -0.948946 0.305168 0.0798358 -424.185 0.0886481 0.0151063 0.995948 37.7058
0.301092 0.952698 -0.0413409 182.547 -0.949048 0.303603 0.0844538 -424.931 0.0930103 0.0138061 0.995569 37.7875
0.300136 0.952995 -0.0414595 182.785 -0.949258 0.302675 0.0854269 -425.674 0.0939602 0.013716 0.995481 37.8668
0.298729 0.953487 -0.0403 183.024 -0.950072 0.301116 0.0818088 -426.415 0.0901386 0.0138492 0.995833 37.9403
0.297469 0.953935 -0.0389831 183.265 -0.950903 0.299682 0.0772875 -427.162 0.0854098 0.0140785 0.996246 38.0023
0.2968 0.954095 -0.0401656 183.484 -0.951262 0.299083 0.0751698 -427.89 0.083732 0.0158976 0.996361 38.0814
0.296249 0.954196 -0.0418021 183.713 -0.951348 0.29868 0.075678 -428.628 0.084697 0.0173488 0.996256 38.1637
0.295533 0.954412 -0.041927 183.944 -0.951413 0.298009 0.077488 -429.357 0.0864501 0.0169896 0.996111 38.2339
0.295412 0.954396 -0.0431296 184.179 -0.951321 0.298012 0.078599 -430.084 0.0878677 0.017811 0.995973 38.3029
0.295327 0.954391 -0.0438067 184.392 -0.951301 0.297993 0.0789094 -430.799 0.0883645 0.0183693 0.995919 38.3757
0.295223 0.954311 -0.0461948 184.628 -0.951208 0.298115 0.0795631 -431.539 0.0896993 0.020452 0.995759 38.4523
0.294876 0.954378 -0.0470226 184.856 -0.951179 0.29787 0.0808187 -432.273 0.0911382 0.0208954 0.995619 38.5262
0.295049 0.954347 -0.0465633 185.08 -0.950989 0.298033 0.0824445 -432.959 0.0925581 0.019956 0.995507 38.596
0.294931 0.954355 -0.047149 185.309 -0.951019 0.297967 0.0823262 -433.715 0.0926173 0.0205591 0.99549 38.6719
0.295299 0.95425 -0.0469628 185.537 -0.950995 0.298297 0.0814018 -434.44 0.0916866 0.0206236 0.995574 38.7508
0.296094 0.953993 -0.0471735 185.767 -0.950893 0.299075 0.0797349 -435.175 0.090175 0.0212478 0.995699 38.8235
0.297577 0.953524 -0.0473342 185.994 -0.950573 0.30053 0.078053 -435.893 0.0886507 0.0217679 0.995825 38.8998
0.299236 0.953001 -0.0474102 186.226 -0.950237 0.302144 0.0758909 -436.63 0.0866487 0.0223416 0.995988 38.9717
0.300866 0.952485 -0.0474483 186.456 -0.949843 0.303739 0.0744347 -437.331 0.0853099 0.0226735 0.996096 39.0439
0.302654 0.951972 -0.0463645 186.695 -0.94925 0.305443 0.07503 -438.045 0.0855882 0.0213034 0.996103 39.1158
0.304759 0.95137 -0.0449113 186.919 -0.948465 0.307451 0.0767363 -438.737 0.0868126 0.0192107 0.996039 39.1885
0.306478 0.950816 -0.0449508 187.147 -0.94785 0.30918 0.0773869 -439.413 0.0874786 0.0188892 0.995987 39.2592
0.308355 0.950248 -0.0441108 187.366 -0.947286 0.310973 0.0771035 -440.074 0.0869847 0.0180103 0.996047 39.3259
0.309779 0.949851 -0.0426717 187.586 -0.946921 0.312256 0.0764008 -440.75 0.0858938 0.0167393 0.996164 39.3953
0.310946 0.94954 -0.041065 187.808 -0.946667 0.313266 0.0754016 -441.419 0.0844611 0.0154291 0.996307 39.4638
0.31225 0.949129 -0.0406641 188.027 -0.946301 0.314523 0.0747626 -442.049 0.0837492 0.0151359 0.996372 39.5288
0.313347 0.948776 -0.0404657 188.244 -0.945937 0.315601 0.0748253 -442.675 0.0837635 0.0148317 0.996375 39.5929
0.314405 0.948406 -0.0409293 188.455 -0.945587 0.316692 0.0746366 -443.309 0.0837478 0.0152361 0.99637 39.6575
0.315848 0.947909 -0.0413211 188.65 -0.945113 0.31816 0.0744057 -443.91 0.0836766 0.0155522 0.996372 39.7197
0.31679 0.947538 -0.0426132 188.853 -0.944812 0.319197 0.0737831 -444.511 0.0835143 0.0168877 0.996363 39.7807
0.317836 0.947188 -0.0426175 189.051 -0.944445 0.320243 0.0739516 -445.113 0.083694 0.0167454 0.996351 39.8408
0.319258 0.94673 -0.0421575 189.257 -0.943939 0.321629 0.0743885 -445.688 0.0839849 0.016045 0.996338 39.8983
0.3204 0.946368 -0.041619 189.46 -0.943542 0.322727 0.0746697 -446.248 0.0840966 0.0153451 0.996339 39.9558
0.321364 0.946051 -0.0413761 189.648 -0.943214 0.323669 0.0747418 -446.804 0.0841017 0.0150072 0.996344 40.0126
0.321999 0.945833 -0.0414327 189.843 -0.943 0.324306 0.0746779 -447.359 0.0840697 0.0150248 0.996347 40.0696
0.323031 0.94553 -0.0402936 190.031 -0.942702 0.325236 0.074395 -447.877 0.0834476 0.013953 0.996414 40.1207
0.323339 0.945484 -0.0388881 190.217 -0.942698 0.325416 0.0736598 -448.407 0.082299 0.0128427 0.996525 40.1744
0.32472 0.945051 -0.0379014 190.402 -0.942331 0.326699 0.0726667 -448.947 0.0810561 0.0121194 0.996636 40.2245
0.325157 0.944868 -0.0386968 190.579 -0.9422 0.327193 0.0721327 -449.423 0.0808173 0.0130056 0.996644 40.2763
0.325603 0.944672 -0.0397258 190.744 -0.941949 0.327732 0.07296 -449.924 0.0819427 0.0136637 0.996543 40.3254
0.326192 0.944468 -0.0397462 190.917 -0.941497 0.32836 0.075912 -450.408 0.0847475 0.0126591 0.996322 40.3765
0.326818 0.944275 -0.0391746 191.083 -0.941019 0.328974 0.0791186 -450.883 0.0875972 0.0110066 0.996095 40.4261
0.327676 0.943974 -0.0392605 191.254 -0.940544 0.329856 0.0810616 -451.343 0.0894704 0.0103643 0.995936 40.4717
0.328522 0.943595 -0.0412576 191.411 -0.940128 0.330886 0.0816883 -451.8 0.0907323 0.011951 0.995804 40.5215
0.328914 0.943408 -0.0423936 191.567 -0.939973 0.331378 0.0814853 -452.243 0.0909222 0.0130472 0.995773 40.5691
0.328358 0.943619 -0.0420088 191.714 -0.940297 0.330773 0.0801963 -452.677 0.0895701 0.0131676 0.995893 40.6142
0.327631 0.943962 -0.0399222 191.869 -0.940709 0.32985 0.079159 -453.106 0.0878915 0.0116202 0.996062 40.6565
0.326272 0.944458 -0.0393092 192.01 -0.941279 0.328432 0.0782745 -453.498 0.0868374 0.0114622 0.996157 40.701
0.325106 0.944867 -0.039149 192.146 -0.941748 0.327248 0.077589 -453.876 0.0861227 0.0116439 0.996216 40.7399
0.32411 0.945203 -0.0392873 192.276 -0.942129 0.326261 0.0771111 -454.267 0.0857036 0.0120212 0.996248 40.7833
0.323135 0.945554 -0.0388896 192.408 -0.942515 0.32525 0.0766707 -454.638 0.0851451 0.0118791 0.996298 40.8192
0.32188 0.945991 -0.0386556 192.529 -0.94302 0.323969 0.0758763 -454.992 0.0843016 0.0120299 0.996368 40.8552
0.321026 0.946275 -0.0388011 192.643 -0.943381 0.32312 0.0750048 -455.335 0.0835126 0.0125257 0.996428 40.8907
0.319861 0.946647 -0.0393416 192.75 -0.943829 0.321993 0.0742165 -455.656 0.0829246 0.0133928 0.996466 40.9273
0.318841 0.947024 -0.0385579 192.866 -0.94423 0.320906 0.0738163 -455.98 0.0822793 0.0128719 0.996526 40.96
0.318113 0.947328 -0.0370567 192.978 -0.944508 0.320058 0.073942 -456.299 0.0819076 0.0114784 0.996574 40.9893
0.317374 0.947635 -0.03551 193.091 -0.944786 0.319197 0.0741071 -456.609 0.0815612 0.0100297 0.996618 41.0216
0.315979 0.948082 -0.036017 193.188 -0.945249 0.317847 0.0740129 -456.899 0.0816182 0.0106585 0.996607 41.0494
0.314898 0.948396 -0.0372169 193.284 -0.945537 0.316873 0.0745122 -457.188 0.0824601 0.0117262 0.996525 41.0758
0.314284 0.948564 -0.0380963 193.37 -0.945631 0.316346 0.0755505 -457.468 0.0837161 0.0122807 0.996414 41.1063
0.313706 0.948747 -0.0383138 193.469 -0.945774 0.315794 0.0760612 -457.754 0.0842621 0.0123753 0.996367 41.1357
0.313462 0.948838 -0.0380621 193.562 -0.945899 0.315525 0.0756234 -458.03 0.0837639 0.0122978 0.99641 41.1581
0.313869 0.948738 -0.0371835 193.656 -0.945816 0.315853 0.0752881 -458.297 0.0831732 0.0115382 0.996468 41.1848
0.314965 0.948411 -0.0362427 193.755 -0.945478 0.316867 0.075277 -458.572 0.0828777 0.010557 0.996504 41.214
0.31605 0.948095 -0.0350627 193.841 -0.945157 0.31785 0.0751627 -458.815 0.0824061 0.00938463 0.996555 41.2342
0.317795 0.947558 -0.0337792 193.93 -0.944577 0.319487 0.0755202 -459.079 0.0823518 0.00790716 0.996572 41.26
0.320968 0.946497 -0.0335026 194.04 -0.943495 0.322629 0.0756774 -459.377 0.0824374 0.00731944 0.996569 41.2882
0.324608 0.94524 -0.0339191 194.117 -0.942223 0.326293 0.0758205 -459.623 0.0827361 0.0073474 0.996544 41.3125
0.33045 0.943161 -0.0353609 194.232 -0.940182 0.332232 0.0753582 -459.902 0.0828229 0.00834355 0.996529 41.3381
0.337737 0.940611 -0.0344172 194.317 -0.937525 0.339424 0.0764095 -460.17 0.0835536 0.00646068 0.996482 41.3653
0.347009 0.937228 -0.0344647 194.427 -0.934065 0.348674 0.0771291 -460.449 0.0843045 0.00542773 0.996425 41.395
0.357392 0.933347 -0.0336913 194.554 -0.930025 0.358962 0.0787335 -460.723 0.0855796 0.00319499 0.996326 41.4207
0.368786 0.928825 -0.0357886 194.664 -0.925506 0.370495 0.0785622 -460.995 0.08623 0.00414993 0.996267 41.4525
0.382905 0.923135 -0.0347044 194.794 -0.919732 0.384472 0.0792135 -461.278 0.0864676 0.00158743 0.996253 41.4777
0.398511 0.91654 -0.0338155 194.936 -0.91297 0.399941 0.0808241 -461.551 0.0876027 -0.00133677 0.996155 41.5036
0.416252 0.908675 -0.0323046 195.085 -0.904907 0.41747 0.0828411 -461.848 0.0887619 -0.00525006 0.996039 41.5335
0.434906 0.899873 -0.0329277 195.232 -0.895876 0.436087 0.0850523 -462.131 0.0908956 -0.00749061 0.995832 41.5649
0.453328 0.890657 -0.0349991 195.387 -0.886404 0.454596 0.0873496 -462.397 0.0937089 -0.00857466 0.995563 41.5935
0.472886 0.880357 -0.0367373 195.558 -0.875921 0.47421 0.0888159 -462.69 0.0956109 -0.00982086 0.99537 41.6291
0.492753 0.869499 -0.0341445 195.711 -0.86479 0.493687 0.091715 -462.945 0.0966028 -0.0156651 0.9952 41.6622
0.506919 0.861399 -0.0320203 195.885 -0.856244 0.507474 0.0965253 -463.192 0.0993962 -0.0215133 0.994815 41.6817
0.513343 0.857724 -0.0280865 196.048 -0.852168 0.513339 0.101454 -463.455 0.101437 -0.0281462 0.994444 41.7156
0.512465 0.858303 -0.0263661 196.223 -0.85258 0.51223 0.103577 -463.686 0.102406 -0.0306004 0.994272 41.7371
0.508642 0.860624 -0.0246931 196.367 -0.854871 0.508237 0.104364 -463.934 0.102368 -0.0319744 0.994233 41.7726
0.49948 0.865981 -0.0244132 196.494 -0.860182 0.499091 0.104853 -464.176 0.102985 -0.031372 0.994188 41.8023
0.486327 0.873402 -0.0255877 196.611 -0.867626 0.486165 0.104247 -464.405 0.10349 -0.0284978 0.994222 41.8268
0.470456 0.881969 -0.0283167 196.738 -0.876238 0.470711 0.103143 -464.637 0.104298 -0.0237121 0.994263 41.8617
0.454209 0.890371 -0.0305662 196.816 -0.884772 0.454837 0.101494 -464.877 0.10427 -0.0190552 0.994367 41.8925
0.433372 0.900656 -0.0317579 196.932 -0.895166 0.434272 0.100428 -465.108 0.104243 -0.0150942 0.994437 41.9223
0.412622 0.91038 -0.0308415 197.046 -0.904929 0.413553 0.100387 -465.352 0.104145 -0.0135128 0.99447 41.9489
0.391367 0.91977 -0.0292492 197.146 -0.914397 0.392262 0.100047 -465.603 0.103493 -0.0124097 0.994553 41.9771
0.371249 0.928103 -0.028282 197.229 -0.922861 0.372171 0.0990784 -465.851 0.102481 -0.0106824 0.994678 42.0046
0.352268 0.935401 -0.030538 197.302 -0.930304 0.353538 0.0976992 -466.108 0.102184 -0.00600668 0.994747 42.0348
0.335216 0.941515 -0.0343362 197.388 -0.936598 0.33697 0.096103 -466.392 0.102053 -5.60909e-05 0.994779 42.0721
0.319724 0.946808 -0.0364819 197.46 -0.942057 0.321773 0.0948164 -466.64 0.101512 0.00405302 0.994826 42.1059
0.306093 0.951364 -0.034826 197.543 -0.946638 0.308043 0.0947998 -466.918 0.100917 0.00395006 0.994887 42.1348
0.296404 0.954461 -0.0339032 197.626 -0.94992 0.298301 0.0931032 -467.175 0.0989767 0.00460913 0.995079 42.1627
0.286395 0.957494 -0.0343931 197.694 -0.953281 0.288367 0.0899984 -467.443 0.0960908 0.00701123 0.995348 42.1938
0.279799 0.959429 -0.0347565 197.754 -0.955376 0.281823 0.0884954 -467.686 0.0947002 0.00844457 0.99547 42.2174
0.277 0.960198 -0.0359234 197.825 -0.956175 0.279145 0.0883554 -467.922 0.0948666 0.0098746 0.995441 42.2476
0.27954 0.959467 -0.0357757 197.883 -0.955381 0.281666 0.0889467 -468.17 0.0954182 0.00931528 0.995394 42.2739
0.285261 0.957713 -0.037583 197.962 -0.953696 0.287528 0.0882661 -468.375 0.0953397 0.0106639 0.995388 42.2953
0.294835 0.954706 -0.0401083 198.036 -0.950847 0.297284 0.0866705 -468.58 0.0946685 0.0125834 0.995429 42.3177
0.307024 0.95087 -0.0397934 198.108 -0.947051 0.309385 0.0858851 -468.784 0.093977 0.0113176 0.99551 42.3448
0.320703 0.946521 -0.0353263 198.183 -0.942443 0.322603 0.0879121 -468.973 0.094607 0.0050993 0.995502 42.3634
0.334616 0.941816 -0.0318475 198.268 -0.937472 0.336128 0.0903509 -469.143 0.0957988 -0.000376746 0.995401 42.3866
0.348868 0.93672 -0.0290965 198.347 -0.932294 0.350048 0.0910679 -469.305 0.0954904 -0.00464416 0.99542 42.4042
0.363558 0.93116 -0.0277006 198.422 -0.926881 0.364547 0.0894285 -469.473 0.0933704 -0.00683728 0.995608 42.422
0.378546 0.925103 -0.0297941 198.477 -0.920964 0.379673 0.0876038 -469.614 0.0923546 -0.00572277 0.99571 42.4407
0.393268 0.918558 -0.0398982 198.529 -0.914466 0.395279 0.0866381 -469.749 0.095353 0.0024136 0.995441 42.4524
0.408513 0.911453 -0.0486939 198.585 -0.907104 0.411333 0.0892587 -469.872 0.101385 0.0077071 0.994817 42.4849
0.424016 0.904317 -0.0492109 198.663 -0.899642 0.426829 0.0919874 -469.975 0.10419 0.00526806 0.994543 42.4911
0.43812 0.897928 -0.0421419 198.735 -0.893001 0.440127 0.0940101 -470.06 0.102962 -0.00355493 0.994679 42.4973
0.452199 0.891179 -0.03628 198.799 -0.886205 0.453527 0.0946256 -470.156 0.100782 -0.0106381 0.994852 42.5034
0.465887 0.884185 -0.0341659 198.857 -0.879253 0.466931 0.0942838 -470.283 0.0993174 -0.0138851 0.994959 42.5201
0.477898 0.877732 -0.0346364 198.915 -0.872886 0.478938 0.0932155 -470.359 0.0984069 -0.0143139 0.995043 42.5315
0.489603 0.871248 -0.0348683 198.98 -0.86642 0.490606 0.0928571 -470.454 0.0980082 -0.0152525 0.995069 42.5409
0.500892 0.864786 -0.0353839 199.035 -0.859932 0.501882 0.0929044 -470.527 0.0981009 -0.0161074 0.995046 42.5494
0.511756 0.85837 -0.0361526 199.099 -0.853591 0.512777 0.0918765 -470.616 0.0974022 -0.0161588 0.995114 42.5579
0.521195 0.852657 -0.0365005 199.141 -0.848059 0.52223 0.0898424 -470.685 0.0956664 -0.0158707 0.995287 42.5684
0.528805 0.848021 -0.0349997 199.203 -0.843433 0.529655 0.0899193 -470.748 0.0947912 -0.0180299 0.995334 42.5783
0.536267 0.843493 -0.0306117 199.249 -0.838594 0.536568 0.0941033 -470.798 0.0958007 -0.0247937 0.995092 42.5863
0.545847 0.837526 -0.0245187 199.307 -0.832137 0.545292 0.101023 -470.838 0.0979791 -0.0347401 0.994582 42.5924
0.5525 0.833268 -0.0202212 199.354 -0.82752 0.55127 0.106364 -470.88 0.0997767 -0.0420324 0.994122 42.5905
0.557156 0.830162 -0.0202271 199.389 -0.824467 0.555914 0.1059 -470.914 0.0991586 -0.0423262 0.994171 42.5975
0.563157 0.826024 -0.0232184 199.412 -0.820695 0.562364 0.101031 -470.959 0.0965113 -0.0378412 0.994612 42.6076
0.568618 0.822183 -0.0262446 199.421 -0.817251 0.568265 0.095792 -471.02 0.0936724 -0.0330207 0.995055 42.6206
0.571902 0.819895 -0.0264472 199.477 -0.815136 0.571611 0.093885 -471.053 0.0920934 -0.032135 0.995232 42.626
0.577211 0.816262 -0.0233213 199.511 -0.811468 0.576548 0.0954521 -471.085 0.0913598 -0.0361715 0.995161 42.6283
0.582242 0.81278 -0.01954 199.542 -0.807844 0.581078 0.0986739 -471.104 0.0915545 -0.0416669 0.994928 42.6274
0.585541 0.810464 -0.0169999 199.575 -0.805387 0.584001 0.101467 -471.135 0.0921631 -0.0457214 0.994694 42.6256
