1 -1.73472347597681e-18 -2.50721752387273e-19 8.67361737988404e-19 1.73472347597681e-18 1 -8.67361737988403e-19 1.38777878078145e-17 2.50721752387273e-19 8.67361737988403e-19 1 5.55111512312578e-17
0.999999549749059 -0.000760550020977564 0.000567508012627496 0.00515716728442163 0.000760108004893551 0.999999407945233 0.000778681580276861 -0.0783930697644257 -0.000568099902923887 -0.000778249862291508 0.999999535794718 1.30156918420199
0.999998169675151 -0.00186601827262292 0.000422637141383149 -0.0199082507364385 0.00186555407421266 0.9999976591535 0.00109608189280372 -0.107975246367611 -0.000424681460894739 -0.00109529143417678 0.999999309990927 2.61930775804418
0.999995860909542 -0.00287345699043477 0.000146317149446321 -0.0269882819519006 0.00287342182800094 0.999995842923893 0.000239962351902684 -0.142818998358912 -0.000147006062692311 -0.000239540927785773 0.99999996050468 3.94761547945886
0.999995573712335 -0.00292340946691996 0.000553383074204407 -0.0230844491961406 0.00292330494482218 0.999995709162123 0.000189593096040897 -0.160112620061943 -0.00055393495797918 -0.000187974549370112 0.999999828910801 5.24711188918319
0.999993838075912 -0.00350172247856756 0.000248495250977284 -0.0390924311831046 0.00350144380653987 0.999993250372084 0.00111314938107595 -0.178081100297014 -0.000252391513936518 -0.00111227242977647 0.999999349574071 6.57783770659182
0.999989832011873 -0.00448996225882853 0.000419656741140629 -0.0374315537670367 0.00448907077428484 0.99998771557415 0.00210165277267327 -0.212944684617852 -0.000429087927528975 -0.00209974753428095 0.999997703469284 7.91803935452178
0.999990370851475 -0.0043775004174112 0.000309345156683976 -0.0387372742866773 0.00437678633158854 0.999987839584484 0.00227253703227372 -0.231724871714513 -0.000319289426725693 -0.00227116121202359 0.999997369937047 9.23233265679502
0.999992855987514 -0.00377530033437613 0.000187300082552946 -0.0655624498768307 0.00377512588112953 0.99999244805198 0.000923181232979369 -0.256857302055807 -0.000190783954490016 -0.00092246755637193 0.999999556327447 10.558683363234
0.999999469858073 -0.000952461471386797 0.000391280869604264 -0.0610523223504887 0.000952878517699256 0.999998976714145 -0.00106704882449008 -0.276539027598377 -0.00039026414631867 0.00106742110193779 0.999999354152835 11.8857432568016
0.999997714054588 0.00212462770059093 -0.000240505159388673 -0.0733882140388008 -0.0021251909023233 0.999994942257055 -0.00236622567343544 -0.31532870243686 0.00023547659436377 0.00236673138374941 0.999997171562665 13.2434003218524
0.999988680205337 0.00475786475283497 4.67352239110685e-05 -0.0945321298634553 -0.00475774977607438 0.999986236700945 -0.0022113854819912 -0.328373847235161 -5.72560537199023e-05 0.00221113809506052 0.999997553792042 14.5698932202656
0.99998579103154 0.00529817943223741 0.000589092291993778 -0.100919340464265 -0.00529709339027492 0.999984295626461 -0.0018301098506617 -0.350745806055962 -0.000598779291037887 0.00182696336980238 0.999998151832395 15.9033349184819
0.999995119225023 0.00310316648742442 0.000363158207593687 -0.101508780730689 -0.00310354269548922 0.999994643200237 0.00103999690733288 -0.38100895568225 -0.000359928978678026 -0.00104111890834448 0.99999939326109 17.2739541559173
0.999998357797663 -0.00138977422483058 0.00116315501141858 -0.104154881837193 0.00138638907047713 0.999994816285322 0.00290608462207461 -0.407036286620912 -0.00116718778345781 -0.00290446726430056 0.999995100859294 18.5912644640935
0.999994152641403 -0.00336474367928899 0.000610887039354901 -0.116034826603634 0.00336402944709296 0.999993661319242 0.00116645926433744 -0.438910041709678 -0.000614808003573807 -0.0011643974016426 0.999999133094529 19.9607029688361
0.999991822286841 -0.00399689787485827 0.000616576694558813 -0.122206592867693 0.0039976981526825 0.999991161288366 -0.00130221143660186 -0.454534093523684 -0.000611366438691639 0.00130466567500308 0.999998962038738 21.3198077139631
0.999997449467822 -0.00207673670458787 0.000887818963189542 -0.120156869206859 0.00207879099540319 0.999995149875673 -0.00231923546194116 -0.504230966900018 -0.000882998215746796 0.00232107513672271 0.999996916457426 22.6615943901035
0.999998513346513 1.17136212959438e-05 0.00172428755008009 -0.127662150018461 -1.0081219660222e-05 0.999999551813074 -0.000946716441253876 -0.502708365361707 -0.00172429786675482 0.000946697650893028 0.999998065278341 24.0389134838551
0.999995657316042 0.000703083101878817 0.00286199636775027 -0.133905590889518 -0.000712655998026073 0.9999941509048 0.00334518723201867 -0.523408867311381 -0.00285962768304559 -0.00334721232380555 0.999990309302632 25.3905653499317
0.99999508190054 -0.00133897215581159 0.00283607621501966 -0.137144079432015 0.00132656015528062 0.999989554833592 0.00437383834506264 -0.538572273819525 -0.00284190303948971 -0.00437005460838645 0.999986413012614 26.7701142076259
0.999985051813461 -0.00480209052076896 0.0026145891186137 -0.141958140027985 0.004792601359684 0.999981950223328 0.00362356175017293 -0.592692572237989 -0.00263194259739594 -0.00361097690113108 0.99999001681216 28.1423457660072
0.999983733839934 -0.00521789413383428 0.00230339669902274 -0.129045143334785 0.00521604003296377 0.999986068140458 0.000810216861565486 -0.591380422688487 -0.00230759223423256 -0.000798189073054428 0.999997018951699 29.5136260818853
0.999978887449231 -0.00558340981220399 0.00332418270665063 -0.148513595879511 0.00558802007716953 0.999983435757501 -0.00137921798127682 -0.645467183143927 -0.00331642690487234 0.00139776446217211 0.999993523762576 30.8926300295331
0.999990379136292 -0.00261931905950353 0.00351863645737193 -0.163808231065001 0.00262745740394426 0.999993879477387 -0.00231029767672017 -0.644692746203829 -0.00351256351474017 0.00231952051707281 0.99999114082182 32.2825057594703
0.999991200372952 -0.000607102896620311 0.00415097611834108 -0.152546426627379 0.000625527318253617 0.999989953194024 -0.00443871902557962 -0.696360852782443 -0.0041482396551117 0.00444127651546706 0.999981533414831 33.6563765141218
0.999990651877017 -0.000266970557209288 0.00431565583669802 -0.160377818371557 0.000285132881037753 0.999991103968123 -0.00420840633198168 -0.719201885351934 -0.00431449392390272 0.00420959752666401 0.999981832050385 35.0662276940991
0.999992731477395 -0.0010083290235119 0.00367699129172719 -0.149723640196093 0.00102004485249514 0.999994405166724 -0.00318577208036854 -0.747474956370616 -0.00367375841312303 0.00318949962055196 0.999988165225615 36.4451242269582
0.999993018663225 0.000402373630494707 0.00371493206828084 -0.16761905384954 -0.000398407438359848 0.9999993499887 -0.0010683134794949 -0.777562387406808 -0.00371535951470627 0.00106682596466972 0.999992528965111 37.8524687720976
0.999988793705591 0.00313722605221459 0.00354545849427579 -0.160691937126808 -0.00313379859725688 0.999994617383459 -0.000971859280861166 -0.810325048279203 -0.00354848835268726 0.000960737637063947 0.99999324258397 39.2215933303923
0.999979600164219 0.0052329420499644 0.0036627275232838 -0.164213965975635 -0.00522856013024122 0.999985605072923 -0.00120490908590515 -0.835035198977939 -0.00366898001801022 0.00118573371486149 0.999992566282962 40.6016739767701
0.99996422655404 0.00760759674662979 0.00369730765843724 -0.186726121924452 -0.00760498036294109 0.999970821653324 -0.000721190442837722 -0.850268926506746 -0.00370268630317925 0.000693046691232221 0.999992904875042 42.047328827762
0.999955930125292 0.00866495033516692 0.0036133700269827 -0.189916399795917 -0.00866443929570235 0.999962450706881 -0.00015706043237257 -0.873822827300434 -0.00361459526833853 0.000125745685487291 0.999993459423145 43.4438597434887
0.999967836692976 0.00730467697717998 0.00331168745933322 -0.193473178903285 -0.00730275011188837 0.999973158404953 -0.000593557432077539 -0.905503021967129 -0.00331593431366825 0.00056935391534343 0.999994340191857 44.8624156454281
0.999970274769855 0.00741558666615428 0.00211155182220474 -0.201664064478534 -0.00741364451953338 0.999972089700039 -0.000926118715934879 -0.947522733247586 -0.00211836060176116 0.000910436892248507 0.99999734182298 46.2888937729918
0.999978549398717 0.00641158031572192 0.00133879807739737 -0.205633899976401 -0.0064103364890456 0.999979019917217 -0.000931295602886076 -0.975953489657726 -0.00134474106585846 0.000922693479868417 0.99999867015322 47.6569389137194
0.999974767515924 0.00709611741185048 0.000330831000744928 -0.222514822767605 -0.00709617484637173 0.999974806911362 0.000172757441845927 -1.00312370224783 -0.000329596758999093 -0.000175100717372413 0.999999930352855 49.0598862916048
0.999970443919025 0.00763288073913046 -0.000922182200608526 -0.236901658087777 -0.00763276745995244 0.999970862030696 0.000126295244447774 -1.03181702130248 0.000923119326630662 -0.00011925270936235 0.999999566814656 50.5095173919532
0.999959221090589 0.0088400031988572 -0.00184675373208622 -0.227784098309431 -0.00883978177971815 0.999960920170273 0.000128024638883664 -1.07549120919632 0.00184781329948209 -0.000111694518185991 0.999998286553704 51.9815897759996
0.999965070849418 0.0075819687333444 -0.00351721924891881 -0.238197574241248 -0.0075799372544449 0.999971097481962 0.000590552232937547 -1.09281356663691 0.00352159514099156 -0.000563871304232746 0.999993640188184 53.3845635439953
0.999971793769756 0.00641407289017145 -0.00390785540363664 -0.257137506515743 -0.0064071080912445 0.999977868290535 0.00179217605870374 -1.11748801322735 0.00391926406398876 -0.00176708745619714 0.999990758342855 54.8030111488131
0.999979946091564 0.00429056642495712 -0.00465815998711342 -0.270952383608023 -0.00428229052637485 0.999989237523623 0.00178516799500184 -1.14898318478802 0.00466576923563886 -0.00176518460102317 0.999987557282972 56.217216892834
0.999985309719973 0.00178262869827309 -0.00511884549232165 -0.274456911802076 -0.00177599735756513 0.999997578265612 0.00129972931654875 -1.16795247020406 0.00512115003061716 -0.00129061916709299 0.999986053965019 57.6456580538831
0.999987474217006 0.000706622248517129 -0.00495500697192195 -0.307803712363902 -0.000700185986068939 0.999998909146779 0.00130055558776575 -1.20559418703025 0.00495592056825039 -0.00129706987084608 0.999986878144444 59.1046843748814
0.999989308488719 -0.000229272682001558 -0.00461847835224502 -0.309774333524443 0.000239347004886806 0.999997593249632 0.00218087320930293 -1.2287317468113 0.00461796722207074 -0.00218195531143315 0.999986956639813 60.5061941300233
0.999988409246076 -0.00253939520047614 -0.0040905800955086 -0.327476396935461 0.0025510282194642 0.999992710026546 0.00284115272160962 -1.25268316075471 0.00408333546570321 -0.00285155497576519 0.999987597425935 61.927085373702
0.999985569142325 -0.00395108920787548 -0.0036401100495306 -0.328649838986195 0.00395936849004485 0.999989585043123 0.00227006749727029 -1.28452545269759 0.00363110289875179 -0.00228444727527973 0.999990798153856 63.3036497774837
0.999987186828596 -0.00376979978786841 -0.00337857783551287 -0.334245087380962 0.00377639638343191 0.999990971576314 0.00194822899441908 -1.3095232482791 0.00337120289903083 -0.00196096288054622 0.999992394778878 64.739433594306
0.99999078856971 -0.00361231533307532 -0.00231817895409923 -0.354024673271047 0.00361571542828649 0.999992391333366 0.00146419852431967 -1.34309178998982 0.00231287216906831 -0.0014725669123669 0.999996241077444 66.1931448072487
0.999994386846809 -0.00278081677377555 -0.00186904599846602 -0.359221748454086 0.0027831519419475 0.999995348328604 0.00124795289227855 -1.36902863138 0.00186556697594248 -0.00125314772632801 0.999997474637128 67.5898133191178
0.999999019288399 0.00102516322617787 -0.00095418163920991 -0.385429498449093 -0.00102281053947369 0.999996444009664 0.00246288989353818 -1.41559992547955 0.000956703110298203 -0.00246191153111633 0.999996511849302 68.9995979251043
0.99998978374417 0.00440348046451196 -0.00102066992026272 -0.376501620746685 -0.00439976694205417 0.999983796001741 0.00361244858840918 -1.43314650278989 0.00103656072811722 -0.00360792097293631 0.999992954199233 70.4056451113515
0.999971138539103 0.00759739733534145 4.0528246948887e-05 -0.394638088094325 -0.00759750215097225 0.999961437461254 0.00440471922919728 -1.45966562422207 -7.06228194196309e-06 -0.00440490001600886 0.999990298355926 71.8384051060153
0.999937253809209 0.0111873720885226 0.000575456558391385 -0.421375501884788 -0.0111894642040144 0.999930286023941 0.00377080666529434 -1.48138803172968 -0.000533231023788121 -0.00377700911210097 0.999992724906958 73.2171910789162
0.999893859853076 0.0144946928076866 0.00147407887445622 -0.440862640417498 -0.014499345956987 0.999889769491691 0.00319653447849436 -1.50946314797937 -0.00142758360067764 -0.00321756837742379 0.999993804610208 74.6371427294355
0.999854193255313 0.0169032444352423 0.00242333599176476 -0.464292776728069 -0.0169105814618002 0.999852384947025 0.00303982735864097 -1.54388777007261 -0.00237159532600992 -0.00308036415200745 0.999992443417599 76.0485128297499
0.999851519422308 0.0170351950842227 0.00259638929004139 -0.460550558411606 -0.0170439495781873 0.999849001852718 0.00338781299673172 -1.56635292605679 -0.00253828518476078 -0.00343156270044566 0.999990890701387 77.4184774127668
0.999892040575827 0.0143944743989998 0.00295064397791602 -0.470890518590196 -0.0144044047126519 0.999890564331095 0.00337231174705488 -1.59334084043403 -0.00290177841711017 -0.00341444994424139 0.999989960556403 78.8269146317838
0.999882928037454 0.0150720334965273 0.00263894401735611 -0.4838330484519 -0.0150790657372603 0.999882751598341 0.00266548918990764 -1.61579026066396 -0.00259846026303309 -0.00270496994617169 0.999992965546184 80.1788320342049
0.999890791889975 0.0146098610897439 0.00222626426468157 -0.493784107563881 -0.0146152109926715 0.999890297201839 0.0024060692545328 -1.65972545725312 -0.00219086769968126 -0.00243834381421069 0.99999462727465 81.6254846554672
0.99990240367248 0.0137966573173958 0.00219894903601165 -0.490532625488941 -0.0138021613352932 0.999901600761034 0.00250781538328372 -1.68134227643362 -0.00216413319164153 -0.00253792087907533 0.999994437727101 82.984374165597
0.999907517996392 0.0135108644776931 0.00155305999915533 -0.499492962460834 -0.0135146882041895 0.999905600634498 0.0024785121561872 -1.71435356320641 -0.00151942654942826 -0.00249927206006801 0.999995722481917 84.371581987514
0.999907475504698 0.0135686110344199 0.000966035412658572 -0.509420134296506 -0.0135709503355933 0.999904890140331 0.00245763716634397 -1.73212211475608 -0.000932596810392184 -0.00247051979331313 0.999996513391492 85.7290848755513
0.999911447605313 0.0132920815995432 -0.00064615369500587 -0.509157603147892 -0.0132903115923934 0.999908113865753 0.00267047621413287 -1.75869348080086 0.000681590510188599 -0.00266165215312596 0.999996225513973 87.1354393349967
0.999937083634505 0.0111058026627525 -0.00157794795103438 -0.510448512623136 -0.0110997510705441 0.999931200252597 0.00379345325162909 -1.78088131876865 0.00161996873183691 -0.00377569975187906 0.999991559860728 88.4577427934924
0.999956499152743 0.00894925065592798 -0.00262882386021771 -0.514876628580965 -0.00893792379705899 0.999950856416692 0.0042893204266615 -1.79966728430239 0.00266708087403512 -0.00426563761025026 0.999987345427626 89.8391117113929
0.999965727920663 0.00758794312282449 -0.00331151072233547 -0.540646591075087 -0.00757409706396479 0.999962605139513 0.00417389222009647 -1.82804400660263 0.0033430581456209 -0.00414866746849183 0.999985806159503 91.1966229397955
0.999973342362677 0.0062760070197596 -0.00373179580151341 -0.547486777440065 -0.00626195402801463 0.999973303813611 0.00376557988127594 -1.85138180511972 0.00375532898256548 -0.00374211116606214 0.999985946955383 92.5544230148352
0.999973895698038 0.00590108466358481 -0.00416954701164292 -0.562608460989894 -0.00588647447319593 0.99997652262998 0.00350764980152996 -1.87206785893314 0.00419014806009395 -0.00348301430473154 0.999985155525115 93.9200136368676
0.999973849376591 0.00600258173541467 -0.00403355618192711 -0.577628039614305 -0.00599032163698744 0.999977422475332 0.00304476374725644 -1.90365778338382 0.00405174155747085 -0.00302052182591571 0.999987229837587 95.2630464391133
0.99997188900772 0.00625083701038619 -0.00414104226036227 -0.585183362159909 -0.00624107448865788 0.999977724686176 0.0023662461170229 -1.92631324759079 0.00415574103615033 -0.00234033504628897 0.999988626259475 96.6049684998647
0.99996515862588 0.00732725729488191 -0.0039991042562579 -0.607914339139499 -0.00732126157184998 0.999972056325241 0.00151185239574626 -1.96201333848991 0.00401007023808475 -0.00148252123241817 0.999990860691977 97.9505901642929
0.999956292966067 0.00872538038225316 -0.0033585554552919 -0.621872738262086 -0.00872006830164483 0.999960710506422 0.00159306381098092 -1.98528418565886 0.00337232358707292 -0.00156370734992187 0.999993091102608 99.3412360925352
0.999954901102953 0.00887869322318047 -0.00337113732029553 -0.634109268360234 -0.00886792414586781 0.999955571397772 0.00319611512599811 -2.00990762215201 0.00339936487108617 -0.00316607599468941 0.999989210082423 100.651861395307
0.999939907082194 0.0104923853776608 -0.00317680240795147 -0.656334728889969 -0.0104789634180081 0.999936220792287 0.00421256137311181 -2.03989629244764 0.00322079961136457 -0.0041790186317883 0.9999860810297 101.987577447969
0.999948807786621 0.00969525480973661 -0.00289548619226571 -0.674051878275003 -0.00968623419941365 0.999948240632899 0.00311334582156708 -2.06689063578029 0.00292552100478387 -0.00308514008512401 0.999990961577906 103.350483367376
0.999950360159945 0.00952806590749297 -0.00291430541635306 -0.680761045809877 -0.00952519277371184 0.999954136129053 0.000998168834822207 -2.08555536510003 0.00292368237347053 -0.000970359964988663 0.999995255230202 104.682541458678
0.999952149213957 0.00934556508162778 -0.00289131383495181 -0.693051546753764 -0.00934535679913884 0.999956327541009 8.55394343097147e-05 -2.11586977983249 0.00289198697851732 -5.85149817746342e-05 0.999995816484906 105.998421028027
0.999973238350324 0.00675651703397203 -0.00280571929014008 -0.706187274957783 -0.0067540779612923 0.999976805602064 0.000877888822280744 -2.14704128567067 0.00281158568395204 -0.00085891528170452 0.999995678615903 107.324164112759
0.999988712617784 0.00416535852822695 -0.00228570018994307 -0.710168936828696 -0.00415897015514275 0.999987452092527 0.00279260178769125 -2.1632468446737 0.00229730369686088 -0.00278306410765391 0.999993488453748 108.693934299351
0.999997360659386 0.00128428113366052 -0.00190507118825177 -0.714883562834438 -0.0012775798297487 0.999993007419888 0.00351466941641498 -2.18930924376885 0.00190957169051143 -0.00351222625948089 0.999992008869401 109.996728935898
0.999999779978293 0.000414149564693624 -0.000518192534209744 -0.729704473126026 -0.000412905046248889 0.999997036048417 0.00239945906485417 -2.21787563840349 0.000519184733239372 -0.00239924457260879 0.999996987031808 111.343625237573
0.999996466068318 0.00265239021415821 0.000180767882248317 -0.736977087116894 -0.00265236892692191 0.999996475513331 -0.000117898227655772 -2.24041289408298 -0.000181079957239627 0.000117418347897629 0.99999997671149 112.65168252137
0.999983436210473 0.00560334528365032 0.00131522862165473 -0.740610879247227 -0.00560050257542919 0.999981994575847 -0.00215520184997032 -2.27280146271977 -0.00132728128052688 0.00214780021037763 0.99999681263425 113.982641989473
0.999968714704624 0.00740902849505727 0.0027705430409735 -0.749227647057109 -0.0074018155769406 0.999969213898065 -0.00260468467376479 -2.30154126671804 -0.00278975592972159 0.00258409613679815 0.999992769828366 115.308493448136
0.999948419521371 0.00927720477032938 0.00413421919604488 -0.753345351035309 -0.00927471738892225 0.999956796412668 -0.000620423620780195 -2.32616908340249 -0.00413979637991912 0.000582047904365709 0.999991261614905 116.590196169871
0.999947023109262 0.00883914798966646 0.00527450829381684 -0.76330395766801 -0.00884714226797992 0.999959746848252 0.00149424123548632 -2.35948441830346 -0.00526108815882137 -0.00154082640050069 0.999984973289793 117.960824482153
0.999946110970915 0.00833373425264806 0.00619064031816132 -0.768433736685477 -0.00834603639353144 0.999963242422255 0.00196404706867891 -2.37800064420617 -0.00617404491888847 -0.00201560853748394 0.999978909023367 119.316683051561
0.999932664146982 0.00925123400363685 0.00700584337029332 -0.764222934080945 -0.0092609318877781 0.999956201194928 0.00135308254646939 -2.40957587068006 -0.00699301883946156 -0.00141787207377065 0.999974543339126 120.619555093067
0.999904210798005 0.0109721098145638 0.00843694462686767 -0.766481516615594 -0.0109801358724975 0.999939306440757 0.000905566673194606 -2.43377472753395 -0.00842649658168643 -0.000998118728037371 0.999963998309121 121.934444321081
0.999894711279487 0.0112147170531328 0.0092085002432227 -0.77722488539711 -0.0112212041209751 0.999936827024022 0.000653099691578234 -2.45835084559543 -0.0092005941866095 -0.000756361388424591 0.999957387584123 123.330308729299
0.999859817573737 0.012648295000429 0.0109711364495699 -0.771097010785415 -0.0126492422841037 0.999919994990692 1.69544113318981e-05 -2.48214161132359 -0.0109700442593 -0.000155728597703952 0.999939815127667 124.644225710092
0.999826982374056 0.0144463550474019 0.0117178557182743 -0.769082236812588 -0.0144373951701109 0.999895415051667 -0.000848869457947988 -2.51198924014856 -0.0117288932765178 0.000679547275018567 0.999930983257349 125.987122515352
0.999829236202085 0.0131774393816089 0.0129558298421774 -0.760608206239902 -0.0131612779217535 0.999912499571856 -0.00133190218467477 -2.53699768936218 -0.01297224726182 0.00116115946673942 0.999915182657845 127.346031624711
0.999808284309596 0.0134909407340103 0.0141911642938013 -0.758569310095887 -0.0134875867789621 0.999908983238787 -0.000332025986773374 -2.56862605320658 -0.0141943520028992 0.000140557772274934 0.999899245231604 128.653771177372
0.999837085892446 0.010343198049848 0.0147925632736096 -0.743506111721926 -0.0103448656742387 0.999946489789525 3.62186408364731e-05 -2.5936756312318 -0.0147913971038601 -0.000189239820352093 0.999890583394006 130.012636941438
0.99983483493737 0.00955277429456704 0.0154611561352385 -0.724596309132294 -0.00956710854173608 0.999953869995497 0.000853413838744116 -2.61669794606289 -0.0154522904422549 -0.00100119144352055 0.999880104980483 131.294483701296
0.999851044767705 0.00843838481658156 0.0150559602355945 -0.724749081132848 -0.00844964979421124 0.999964066621884 0.000684750596624408 -2.64677196338336 -0.0150496410350447 -0.000811866190746567 0.999886418138583 132.686338842481
0.999867290686278 0.00655063637237721 0.0149161046791136 -0.704872256456886 -0.00657565340293269 0.999977053705067 0.00162875586233474 -2.67415320393577 -0.0149050930223829 -0.00172662284575374 0.999887422150885 134.029161020014
0.999883431501457 0.00542752840493101 0.0142711367551541 -0.680606573340447 -0.00544591442917086 0.999984389898442 0.00124979017069651 -2.70543664588414 -0.0142641307096083 -0.00132736387410838 0.999897381074801 135.352070482811
0.999906342769003 0.00368468997689237 0.0131806202468568 -0.673743407704926 -0.00370564872434046 0.999991907795486 0.00156604951267856 -2.73445884785479 -0.0131747431796394 -0.00161474558942138 0.999911905489095 136.679914511055
0.999927264174833 0.000544735921400937 0.0120486357156787 -0.67576133640245 -0.000571679306246574 0.999997343694159 0.00223288768119759 -2.73884965653848 -0.0120473873766889 -0.00223961322597675 0.999924919476454 137.98987561084
0.999938047538684 0.00145289452675781 0.0110358589161838 -0.657439165427682 -0.00148019660900197 0.999995863483956 0.00246617780720325 -2.77353535722773 -0.0110322301699382 -0.00248236026236321 0.999936061848459 139.345706503259
0.999951411630919 0.00109067644762405 0.00979718338195077 -0.649105879303909 -0.00111198630169802 0.999997027470744 0.00216991615977555 -2.79849550503661 -0.00979478758308775 -0.00218070506080425 0.999949652063363 140.683624710886
0.999962440529445 0.00126644589677324 0.00857400986622294 -0.651094651390273 -0.00128175899884189 0.999997593041968 0.00178073134969775 -2.81962914729594 -0.00857173402902994 -0.00179165428067324 0.999961656940242 142.060555381857
0.999973505687887 0.000847485703480693 0.00722977802284927 -0.654643255167902 -0.000855406993989906 0.999999037223248 0.00109262594285715 -2.8393250376737 -0.00722884507732124 -0.00109878139717014 0.999973267881841 143.375514580976
0.999977654942821 -0.000184416414209759 0.00668248499009527 -0.646436595279467 0.000187604132067511 0.999999868922847 -0.000476402118402131 -2.87045181699343 -0.00668239625780377 0.000477645134966176 0.999977558465878 144.671481147842
0.999980504846368 -0.00302957660092212 0.00545999934269446 -0.642678763907968 0.00303896388073373 0.999993917189794 -0.00171180663159817 -2.92307245535996 -0.00545478008123834 0.00172836600045617 0.999983628928611 146.06828228062
0.999927988140578 -0.0109712243156096 0.00486320574853216 -0.623473614460829 0.0109680507625065 0.999939618753915 0.000678755291910037 -2.94192079223403 -0.00487035887867205 -0.00062536652596096 0.999987944187879 147.421054193543
0.999796933545276 -0.0199179376231534 0.00306062645599267 -0.615274844564722 0.0199123035699199 0.999799999546329 0.00186039611364012 -2.95312585647428 -0.00309706958305879 -0.00179907420649108 0.999993585725427 148.794951904104
0.99974329065045 -0.0225759481096201 0.00191816744854384 -0.614441198540477 0.0225775938344371 0.999744740172405 -0.000840686777811215 -2.99305082238515 -0.00189869851637932 0.00088377857121497 0.999997806937286 150.107935431647
0.999749105994604 -0.0222667094781695 0.00243284031631177 -0.62293574126691 0.0222758267708854 0.999744690240642 -0.00378706711272228 -3.03051796834665 -0.00234789366526274 0.00384031048973305 0.999989869654028 151.431925112226
0.999802128892734 -0.0196502965705029 0.00309336487486097 -0.626632314551255 0.0196694646254159 0.99978673185866 -0.00629308833005114 -3.05953122167861 -0.00296904410665375 0.00635268794067473 0.999975413764269 152.76494180955
0.999838269220424 -0.0175242697454423 0.00404170412034875 -0.625974256064901 0.0175483872505278 0.999827946458536 -0.00601095544924544 -3.10634467724602 -0.00393567112612088 0.00608090868179057 0.999973766177089 154.12364399234
0.999755048926888 -0.0216274993678257 0.0047003634211065 -0.632654761181854 0.0216408093728859 0.99976189067266 -0.00279952287279814 -3.12294943987909 -0.00463869754157239 0.0029005567954457 0.999985034515714 155.483315072827
0.999641553082471 -0.0262816326546135 0.00510305162363117 -0.618681177227461 0.0262831783770783 0.999654509722328 -0.00023606399562573 -3.16747771302926 -0.00509508442169273 0.000370103795305495 0.999986951483826 156.828890597922
0.999522802178335 -0.0304656900530339 0.0050999661921692 -0.610042831226422 0.0304622972695226 0.999535641395867 0.000741636309302455 -3.19006672070394 -0.00512019244091836 -0.000585925715860816 0.999986720072034 158.191719308658
0.999477158941208 -0.0319417076101242 0.00501358851135331 -0.597978248931473 0.0319367619821819 0.999489325766239 0.00106344414195565 -3.22494481471042 -0.00504499642272393 -0.000902770346730811 0.999986866422153 159.538523024065
0.999492640236472 -0.0313168513079957 0.00580662873610116 -0.604742041243661 0.0313079812121645 0.999508484671929 0.00161225967015065 -3.24557061988167 -0.00585426558543293 -0.00142964785108978 0.999981841675876 160.84436054527
0.999564431064116 -0.0286826917191997 0.00694631896841988 -0.606840703224315 0.0286785967262921 0.999588447388432 0.000688431110671641 -3.26224498919494 -0.00696320625002495 -0.00048892057103783 0.999975637060921 162.231342777851
0.999671218519155 -0.0243255685952422 0.00810688454011613 -0.604487734583233 0.0243336819717794 0.999703483702225 -0.000903656645044751 -3.30554449823239 -0.00808249875502022 0.00110062988965594 0.999966730360426 163.55220709381
0.999714657225397 -0.0221789872431668 0.00887111343493329 -0.617892424035981 0.022195027502312 0.999752191135825 -0.00171378916119597 -3.33246391877201 -0.00883090498644536 0.0019101947505061 0.999959182303526 164.884092370734
0.999707322897171 -0.022316293594059 0.00934085574210404 -0.614105349476383 0.02232452073614 0.99975047456615 -0.000777417944496125 -3.34763812467193 -0.00932117587392779 0.000985720539772336 0.999956071052796 166.265959002866
0.999698267139924 -0.0228273885659006 0.00907110846011182 -0.606710000450624 0.0228373354552996 0.999738699432647 -0.00099446770795515 -3.37329245042947 -0.00904603707353893 0.00120132759122435 0.999958362145786 167.62085591392
0.999739281232165 -0.0212760440946637 0.00828851669938531 -0.61018185087952 0.0213012357183283 0.999768712245055 -0.00296300063066772 -3.38897461424724 -0.00822355873489548 0.0031387837687631 0.999961259808692 168.954929826109
0.999840674830598 -0.0158899823816175 0.00813224533610214 -0.603505299798983 0.0159405397075795 0.999853778993732 -0.00619030094464177 -3.43844033119916 -0.00803269245805861 0.00631894705358703 0.999947772016123 170.362889898941
0.999913150070811 -0.010480762826823 0.00799036457467716 -0.615697018267304 0.0105391294592509 0.999917830669133 -0.00729785312097476 -3.46403850251551 -0.00791322094406075 0.0073814307896271 0.999941445992608 171.784812015385
0.999960610947676 -0.00365646654911791 0.00808744740479604 -0.610189959066767 0.00371057005381772 0.999970771094932 -0.00668495517428587 -3.50976190901489 -0.00806276770258648 0.00671470090038879 0.999944950769187 173.083504868133
0.999963395403337 0.000506336431082582 0.00854116367065387 -0.618007695595913 -0.000468714020889536 0.99999018253741 -0.00440626099591888 -3.54217409929173 -0.00854331086856615 0.00440209634334518 0.999953815627095 174.46713709144
0.999960896735805 0.00214632856779869 0.00857894358321493 -0.615955607878352 -0.00212630547301975 0.999994995931304 -0.00234242126586826 -3.57207516830102 -0.00858392825927265 0.00232408821485693 0.999960456612965 175.834823133591
0.999970440855068 0.000130168008075667 0.00768768316268677 -0.609086725303474 -0.000121182162615733 0.99999930900624 -0.00116931686250957 -3.61261784419735 -0.00768783005819248 0.0011683506884318 0.999969765655775 177.194524900393
0.999967658948308 -0.00493706685483268 0.00634873438659345 -0.608049963772255 0.00494196041348131 0.999987503169254 -0.000755336079334946 -3.62055818976656 -0.00634492590281283 0.000786686844986012 0.999979561310678 178.582489132876
0.999984408582745 -0.00372113232991065 0.00416362409454455 -0.615345884399933 0.0037403172927916 0.999982381131858 -0.0046094958952661 -3.66872145402814 -0.00414639819200017 0.00462499730189377 0.999980708204909 179.974497208356
0.999989838749836 -0.00345770965073603 0.002892514658089 -0.624801621663883 0.00348345310996614 0.999953944480295 -0.00894284477841793 -3.70865564145385 -0.0028614596811278 0.00895282984711631 0.999955828467549 181.348577636032
0.999996976846125 0.000812915075992215 0.00232066104584777 -0.624090004929127 -0.000789526179097705 0.999949067755529 -0.0100617365926971 -3.72247854882194 -0.00232872218673892 0.0100598739518706 0.999946686573364 182.717603590955
0.999988487527265 0.00428238686087385 0.00216471146031442 -0.63488704931491 -0.00426314980917619 0.999952063918393 -0.00881450049920233 -3.76614402907627 -0.00220235479365215 0.0088051705332567 0.99995880845425 184.163243057552
0.999985079831716 0.00510000666702106 0.00195705031922478 -0.636935272447848 -0.00508832259846851 0.999969474603446 -0.00592948854818158 -3.79080552921791 -0.00198723101061546 0.00591944197584895 0.999980505369782 185.521900679223
0.999987068315314 0.00436254912917774 0.00261368843564791 -0.646702695388878 -0.00435283807055932 0.999983645329435 -0.00370970003990025 -3.82360019089881 -0.00262982943831317 0.00369827510470179 0.999989703326177 186.968534800844
0.99997586240651 0.00645773483236187 0.00256364295329138 -0.646231899478323 -0.00645092760045673 0.999975668637132 -0.00265474420880425 -3.8739266158236 -0.00258072421051262 0.00263814225458261 0.999993190010809 188.368162502658
0.9999920628658 0.00309820466232351 0.00250506153066671 -0.655247992685954 -0.00309316574063092 0.999993190307573 -0.00201287460671816 -3.88929110198801 -0.00251128076945938 0.00200511005975745 0.999994836487942 189.739030811749
0.999996925491109 5.18176970020052e-05 0.0024791779395121 -0.650915913389255 -4.84312010971333e-05 0.9999990658271 -0.00136601586613362 -3.92982442397183 -0.00247924640732751 0.00136589159674035 0.999995993830674 191.203762070003
0.999995088022478 -0.00106514661678783 0.00294777773942956 -0.663137531044952 0.00107002703480218 0.999998058760255 -0.00165454461010377 -3.96851869616297 -0.00294600968449247 0.00165769068489162 0.999994286527944 192.641540368202
0.999989070473776 -0.0033435447915664 0.00326797203462998 -0.663921048958046 0.00334538462820487 0.999994248677345 -0.000557686221007864 -3.99536528015326 -0.0032660885906088 0.000568612749171741 0.99999450465733 193.99731208147
0.99996136964808 -0.0079077217556888 0.00383759666602907 -0.659755529577039 0.00790555120995508 0.999968582180898 0.000580440515590909 -4.02262673434157 -0.00384206605920425 -0.000550079776003077 0.999992467941952 195.368086498435
0.999919079760077 -0.0120011567780487 0.00421973550699748 -0.654181644390451 0.0120002856872516 0.999927967136746 0.00023169203552108 -4.0299801888499 -0.00422221211980925 -0.000181035255337368 0.999991070035654 196.813107857434
0.99995324220748 -0.00860183065193327 0.00441836035028295 -0.653811811585308 0.00861662253458965 0.999957298973559 -0.00333976729735052 -4.07755738419057 -0.00438944356905213 0.00337768248056435 0.999984661905479 198.226097757345
0.999985358608865 -0.00232546984101555 0.00488618029950088 -0.664087264738988 0.00236566425704192 0.999963280932533 -0.00823652956457275 -4.11809289906262 -0.00486684708241976 0.00824796803240979 0.999954141359899 199.648202834947
0.999960886854291 0.00618013880245607 0.00632697763244716 -0.680505225777753 -0.00612617319692413 0.99994499291504 -0.0085135859719835 -4.13581475334117 -0.00637924474686449 0.00847449281806544 0.999943742521516 201.087094967037
0.999904809707554 0.011833953787904 0.00709429781198459 -0.691067779560994 -0.011793577669296 0.999914170459304 -0.00570642098343553 -4.15660546296589 -0.00716121843387413 0.00562221063529854 0.99995855299013 202.559758917643
0.999863566908067 0.0141859337342972 0.00846208331101271 -0.695166876866302 -0.014162403884125 0.999895691666871 -0.00283409637321718 -4.19800252665124 -0.0085014049485548 0.00271386626713447 0.999960179729065 203.980288770206
0.999878104674684 0.0135007299507422 0.00784258139641429 -0.700411493585925 -0.0134834839218004 0.999906567267149 -0.00224775384723005 -4.2412742194988 -0.00787219496028901 0.00214173453637965 0.999966720206069 205.420993767157
0.999949551574374 0.0076087812085777 0.00655749607146188 -0.708267935764961 -0.00759211692723284 0.999967896381214 -0.00256241438752628 -4.26059234851384 -0.00657678240254821 0.00251249984083022 0.999975216331775 206.838924557752
0.999956712905485 0.00734450405166571 0.00571231787388706 -0.68164543728043 -0.00732841965169498 0.99996913769782 -0.00283159271219262 -4.29541232336078 -0.00573293822275406 0.00278960787820754 0.999979675547068 208.281808179422
0.999936848779331 0.00994373037230613 0.00523647587070945 -0.683056930996199 -0.00992531249739555 0.999944506634862 -0.00353154677048369 -4.34324203045282 -0.0052713020299248 0.00347935008959243 0.999980053550001 209.713582644975
0.999915150796838 0.0120122363811403 0.00503958173476151 -0.690123037280945 -0.0119945205257215 0.999921828837798 -0.00353096177135985 -4.37236380514805 -0.00508160253225064 0.0034702148055085 0.99998106728323 211.175414543387
0.999912625709039 0.0122597933739903 0.00494352243672742 -0.687662331803818 -0.0122455509717144 0.999920811992739 -0.00290107310855673 -4.40766393459885 -0.00497869752591055 0.00284028347337208 0.999983572545438 212.708179000523
0.999912959470024 0.0123204288078508 0.00472022434735841 -0.693151553971051 -0.0123056370314103 0.999919321037634 -0.0031500337914381 -4.45050010103356 -0.00475865329162567 0.00309167424330204 0.999983898254979 214.141944088483
0.999898635314676 0.0134825981079388 0.00457587632138445 -0.688596996592415 -0.0134641952237066 0.9999012365278 -0.00402897470252838 -4.48848259341276 -0.00462974543865184 0.00396695581466482 0.999981414186653 215.578804973376
0.999934024386853 0.0106576649976426 0.00428497961600084 -0.709022682943026 -0.0106393231920732 0.999934237883996 -0.00428073701214993 -4.51255549646666 -0.00433032048769276 0.00423486530489476 0.999981656951928 217.086667513243
0.999932805101939 0.0109688325643129 0.00375099895266241 -0.697870294871417 -0.01095263597736 0.999930722707914 -0.00431156003977075 -4.54826323921437 -0.00379803187377958 0.00427018699885342 0.999983670095107 218.529495824986
0.999939766542436 0.0104310704714349 0.00341409664160237 -0.717931072682847 -0.0104146034334583 0.999934217021593 -0.00480600298978779 -4.57293128970152 -0.00346400380802912 0.00477015704500487 0.999982622988712 219.963370589515
0.999931980716601 0.0110937799734476 0.00360027583340474 -0.717619165965991 -0.0110763426789148 0.999927001551034 -0.00482764974060998 -4.61447182465966 -0.00365356990286425 0.00478744347846471 0.999981865741527 221.465136095614
0.999934800248593 0.0110499006626041 0.00288009499037877 -0.725836418492788 -0.0110351184614589 0.99992611112445 -0.00509886772476621 -4.63981296150316 -0.00293622416524888 0.00506675309045901 0.999982853153379 222.945015574922
0.999917768019369 0.0125483736856388 0.00264490396956948 -0.724434273931774 -0.0125346515753391 0.999908214995554 -0.00514238216104025 -4.68362605789229 -0.00270918974003796 0.0051088063430612 0.999983280054572 224.440772671743
0.999907460464269 0.013442177547624 0.00209245565640906 -0.723870448775077 -0.0134309103776812 0.99989570888637 -0.00530867187244996 -4.71826619827589 -0.00216359754172998 0.00528007702602903 0.999983719683614 225.946599427634
0.999902000733521 0.0138277752332067 0.00218667812042033 -0.737079415032536 -0.0138165690833386 0.999891746629881 -0.00505939128853505 -4.77088182634743 -0.00225640153069914 0.00502868308258613 0.999984810383931 227.455249053924
0.999917301480371 0.0126925173705226 0.00207128052476832 -0.742953280698289 -0.0126813224960852 0.999905376251448 -0.00533128532351853 -4.80653898135299 -0.00213875196401673 0.00530457785780011 0.999983643463125 228.911061370741
0.999912165186591 0.0130140585511524 0.0025092213713887 -0.745728170126127 -0.0130010441059811 0.999902297476527 -0.00513501249444092 -4.84831428254732 -0.00257580356739232 0.00510193896385553 0.999983667594022 230.462803105225
0.999953038350992 0.00940002222110526 0.00235810832301348 -0.75756005695908 -0.00939000535298579 0.999946993332662 -0.0042235440615664 -4.87058470966578 -0.0023976847355806 0.00420120306719659 0.999988300431909 231.86460348971
0.999948218722253 0.00983233777474681 0.00262392989177656 -0.741878824547615 -0.00982182432178768 0.999943804218926 -0.00399000891910084 -4.90975073679817 -0.00266301355340366 0.00396403053291107 0.999988597345364 233.375393883612
0.999948212285414 0.00987233064255577 0.00247180802007274 -0.755503726037211 -0.00986133930962734 0.999941606801197 -0.00442006502909627 -4.94670012662854 -0.00251530002672445 0.0043954607864359 0.999987176512904 234.935197513566
0.999943681289635 0.0102060267201689 0.00291054419664985 -0.77292508389157 -0.0101914459706579 0.999935658884542 -0.00498121673530182 -4.98065282017879 -0.00296119536008909 0.00495127354567387 0.999983357967679 236.435017521458
0.999929153597436 0.0114793309783238 0.00314845139784853 -0.780856631418962 -0.0114663197431817 0.999925771964832 -0.00411996020388321 -5.02081974550082 -0.00319551208128534 0.00408356716910047 0.999986556500493 237.926710553594
0.99994230874336 0.0100086282818211 0.00389955701531743 -0.786066160283483 -0.009999484418209 0.999947225260165 -0.00235733024138897 -5.04256499806002 -0.00392294485933403 0.00231820068443244 0.999989618170718 239.460458735346
0.999954380581361 0.00865697652717391 0.00403652245810626 -0.782375260046022 -0.00864879750037733 0.999960518942152 -0.00203932801188126 -5.06422576068276 -0.00405401750665965 0.00200432391357705 0.999989773761565 240.963335177996
0.999950581894804 0.0087792492135695 0.00466460625219777 -0.787920923097792 -0.00876268711637946 0.999955272557663 -0.00355924129994145 -5.09888604699157 -0.00469564508267402 0.00351819092387136 0.999982786476788 242.405241622907
0.999949565687114 0.008409912639432 0.0054899409421612 -0.800650519931224 -0.00838351738918473 0.999953272978555 -0.00481336635430279 -5.13297548611119 -0.00553016440411433 0.00476709858012384 0.999973345671169 243.953119004329
0.99993283615162 0.010136635985845 0.00561887859516046 -0.812432690218476 -0.0101097679403765 0.999937423724595 -0.00478970011697183 -5.17185011318859 -0.00566707843323313 0.00473257286359717 0.999972743116592 245.485876359035
0.999929519997499 0.0104241664860213 0.00568258661555119 -0.823586147539564 -0.0104052904748161 0.99994028125584 -0.00334123512002146 -5.21440232708507 -0.00571707684977498 0.00328187066537873 0.999978271942561 247.005506400563
0.999918428431918 0.0116602201921351 0.00521303628542343 -0.821974468321023 -0.0116467730778222 0.999928787360663 -0.00260247657182022 -5.25398632964589 -0.00524301050122289 0.00254154923306258 0.999983025540124 248.512235245805
0.999892048613201 0.0136670299542546 0.00539475785603726 -0.808534689820718 -0.0136536942735121 0.999903655901731 -0.00250110916141527 -5.29192323004301 -0.00542842083678416 0.0024271807887668 0.999982320364034 250.06403961738
0.999880782324424 0.0143868840443597 0.00560702289920867 -0.813330257173419 -0.0143740494351208 0.99989399040141 -0.00232264116497202 -5.32247099764992 -0.00563984407007895 0.00224176864075406 0.999981583146523 251.575851688573
0.999859661096494 0.0157664005653296 0.00566380836695466 -0.817663794493249 -0.0157506261228326 0.999871977246117 -0.00281902371037091 -5.36655546631205 -0.00570752912763092 0.00272941956365516 0.999979986989791 253.12662904664
0.999858171626779 0.0159000286480357 0.0055520915109672 -0.812951897340053 -0.0158879316035228 0.999871322809345 -0.00221617978809754 -5.38876513810436 -0.00558661440554926 0.00212765422074069 0.999982131253854 254.661484691153
0.999884106960847 0.014277288403819 0.00528504332472462 -0.818610964142361 -0.014265464583934 0.999895670448052 -0.00226820180874439 -5.43718152163745 -0.00531687570990403 0.00219254534156995 0.999983461652047 256.196202249295
0.999902730819673 0.0128406555677929 0.00544485665107041 -0.821875013793976 -0.0128322339010185 0.999916417016961 -0.0015788454870498 -5.45952539514217 -0.00546467496480327 0.00150882223993936 0.99998393026237 257.675032871633
0.999957638431559 0.00737634282940786 0.00550553438306995 -0.82223438909887 -0.00737192096068615 0.999972488323138 -0.000823029878738064 -5.4920015087356 -0.00551145386713147 0.000782408649583195 0.999984505736452 259.250803137054
0.999955026319283 0.0078452976517601 0.00532885011584135 -0.803900422488927 -0.00783881786796936 0.999968512393466 -0.00123578154648303 -5.52156202135191 -0.00533837739717034 0.00119395408333453 0.999985037988275 260.765712254765
0.99995564470851 0.00787466312829863 0.00516703940419893 -0.810003848131872 -0.00786187150074483 0.999965991673342 -0.00249127944126695 -5.55058777253538 -0.00518648166819345 0.00245054634000605 0.999983547479928 262.265642186108
0.999969718783024 0.00513266347048527 0.00584955405984944 -0.799804565057404 -0.00512852578797666 0.999986588285295 -0.00072213072131733 -5.59308951131698 -0.00585318206127346 0.000692109265476172 0.999982630471411 263.822284615277
0.999978059943034 0.00255304184509455 0.00611241440861681 -0.811511618047132 -0.00255748172924447 0.999996471397307 0.000718665527525477 -5.61127334260498 -0.00611055805717046 -0.000734282148134472 0.999981060775631 265.380071052419
0.999975114162677 0.00169557652729357 0.00684807093866345 -0.790068844011516 -0.0016988076878817 0.999998448425642 0.000466045865764816 -5.64624358700016 -0.00684727009694154 -0.000477667823380976 0.999976443085371 266.875932232803
0.999978182410277 0.00136609919415782 0.006462853582605 -0.800574698472198 -0.0013623704108525 0.999998903004354 -0.000581323449635555 -5.68592191179326 -0.00646364063837885 0.000572505966068421 0.999978946571685 268.364771710232
0.999972772325993 0.0018579568420152 0.00714161067547901 -0.796917706736832 -0.00185117434537001 0.99999782940732 -0.000956208236429982 -5.70855741795691 -0.00714337176758642 0.000942961834636771 0.999974041194455 269.928690034858
0.999953180891222 0.00448536802280223 0.00857423461467496 -0.787803909566463 -0.00447715670330364 0.999989500577158 -0.000976628537257404 -5.74437477753897 -0.00857852512857137 0.000938194620398892 0.999962763655464 271.441497165657
0.999929617962695 0.0072208190620267 0.00941376083464295 -0.78390904733627 -0.00720883344966228 0.999973162512579 -0.00130651249001286 -5.78686566225428 -0.00942294228324762 0.00123855830101015 0.99995483604614 273.09428189769
0.999908028845579 0.00871409149301858 0.010392230732592 -0.785473535171726 -0.00870180978333922 0.999961386418944 -0.00122644918309133 -5.82667572295305 -0.0104025168417413 0.00113590517008453 0.999945247182465 274.614039217427
0.999902891924637 0.00878311370876456 0.0108195949243664 -0.780606166854603 -0.00876278941469329 0.999959754200844 -0.00192444804093039 -5.85663563344327 -0.0108360621270922 0.0018294513296105 0.999939614609508 276.112936378082
0.999886666953256 0.00923161248133876 0.0118924589595021 -0.789658811926747 -0.00920670414655415 0.999955311394708 -0.00214751304306286 -5.90079974597677 -0.0119117525103098 0.00203777930765159 0.999926976137571 277.701675180059
0.99986736542479 0.00966888357390168 0.0131058860411402 -0.773457666018475 -0.00963455520610556 0.999949995431339 -0.0026799221716426 -5.93730172970659 -0.0131311425424265 0.00255329733871547 0.999910522881038 279.2415306074
0.999863994946893 0.00911529293119462 0.0137442003630214 -0.759289741630358 -0.00908146142354223 0.999955582506167 -0.00252191854837113 -5.97030743539701 -0.0137665779064036 0.00239675812931081 0.999902363675182 280.75735958613
0.999866223678491 0.00734082390723009 0.0146166703211479 -0.74241915259789 -0.00731623191239689 0.999971730472813 -0.0017352250031963 -6.00151265585424 -0.0146289950959768 0.00162805392132181 0.999891665103231 282.346158684441
0.999869253943291 0.00704324888842917 0.0145556746316333 -0.718816448873419 -0.0070235208389386 0.999974346293443 -0.00140602632459268 -6.02809027276763 -0.0145652042179754 0.00130361040809502 0.999893071996197 283.862041113453
0.999872190304236 0.00618806790895879 0.0147414677615514 -0.716231464750767 -0.00613553032172507 0.999974673905602 -0.00360649622991814 -6.08132857133978 -0.0147634116613314 0.00351558856229449 0.999884834525046 285.449900346856
0.99987994688507 0.00657292054879713 0.0140316974229487 -0.70311365680967 -0.00649222279947092 0.999962168956351 -0.00578892902287575 -6.11558123898599 -0.014069216759721 0.0056971371379899 0.999884793247802 286.97590595992
0.999898045910604 0.00439917945013757 0.0135847342381568 -0.681692469661285 -0.00432249948038847 0.999974590137127 -0.00566878102662166 -6.13731437951388 -0.0136093270369223 0.00560948306452845 0.999891654089257 288.525838486009
0.999917598099332 0.00188746770767194 0.0126978138635899 -0.691519249576996 -0.00181469799215004 0.999981879653627 -0.00573996825752374 -6.17480232521518 -0.0127084177795336 0.00571645257590659 0.999902904429969 290.023628241065
0.999930808818347 0.000740109424838843 0.0117400942894382 -0.674979712821895 -0.000661470710233661 0.999977330793035 -0.00670077283129624 -6.21554909781546 -0.0117447874559371 0.00669254346839821 0.999908630740598 291.623512236932
0.999931873813493 0.00190049522876212 0.0115167638563605 -0.663550132056662 -0.00181484210675665 0.999970652512405 -0.00744314866452888 -6.27440851573041 -0.0115305715368 0.00742174048321466 0.999905977423995 293.172242508986
0.999941338099804 0.00172164794307743 0.0106937499284631 -0.644508405972118 -0.00165009837583641 0.999976220050017 -0.00669600700636257 -6.30718693392182 -0.010705023798314 0.0066779684664793 0.999920400433274 294.778055100983
0.999949439305463 0.00212537650152728 0.00982861167292116 -0.657834150165718 -0.00206285936655376 0.999977605905095 -0.00636649821715224 -6.34877795592466 -0.00984192277576632 0.00634590127893091 0.999931430695642 296.300778677175
0.999957892415378 0.00194392731314109 0.00896853069325514 -0.658565233984333 -0.00189511763220679 0.999983365846223 -0.00544761966542028 -6.39298847336059 -0.00897897128599565 0.00543039385866246 0.999944942932952 297.9154675673
0.999962766220426 0.00271042156892985 0.0081926667033432 -0.63232794483119 -0.00267861298504654 0.999988842318478 -0.00389105011864944 -6.43118658182122 -0.00820312167834469 0.00386896025673327 0.999958869124757 299.473195025766
0.999957784436726 0.00217061209404737 0.00892848181554885 -0.638166768658741 -0.00213520231894462 0.999989825826925 -0.00397355680631409 -6.462200809413 -0.00893701602608973 0.00395432494529809 0.999952245389137 301.072019886494
0.999941565941878 0.00483377059457517 0.00966950689244028 -0.635885476710549 -0.00479457367872017 0.999980212211283 -0.00407274466617983 -6.49445983470766 -0.00968900226768749 0.0040261455159486 0.999944955178704 302.633849319558
0.999938403703755 0.00403153197322531 0.0103409645747238 -0.626565261644919 -0.00398813954503125 0.999983171016518 -0.00421336287530189 -6.53512668349825 -0.0103577768539484 0.00417186213799981 0.999937654068965 304.200643755188
0.999937412478794 0.00332680346146304 0.0106819241685233 -0.612598646114475 -0.00327091132548391 0.99998089213662 -0.0052456172896414 -6.56484610298239 -0.0106991711975323 0.00521034935271727 0.999929187490449 305.811587592369
0.999937757523093 0.000855458568506833 0.0111242649341626 -0.615613178932336 -0.000777265263120813 0.99997497661449 -0.00703150080428675 -6.61342682656523 -0.0111300017250051 0.00702241664154924 0.99991340061333 307.401432796518
0.999938362561219 0.000705561793365108 0.0110803096050869 -0.597337482669304 -0.000613204530763108 0.999965063209186 -0.0083364465602602 -6.65544256965337 -0.0110858043728134 0.00832913822699359 0.999903860577507 309.013326903753
0.999960730969556 0.000782621327559836 0.00882745845015886 -0.581782641463428 -0.000704209371644154 0.999960303219688 -0.00888234619632977 -6.71460272312614 -0.00883405954205206 0.00887578101623817 0.999921586877371 310.62706847766
0.999975411522018 0.00194494469457561 0.00673747293168383 -0.579346229420305 -0.00188617868610413 0.999960221547975 -0.00871766320115888 -6.74576449097869 -0.00675416029823224 0.00870474076924726 0.999939302561313 312.21491132228
0.999972334380087 0.00360079410191787 0.00650882141984015 -0.601309218931321 -0.00356382022764957 0.999977499507859 -0.00568327928186874 -6.78469101836755 -0.00652913928667265 0.00565992578099008 0.999962667093292 313.858434509518
0.999972705102103 0.00283482006968788 0.00682296460163258 -0.566011128700845 -0.00281388017244616 0.999991308029208 -0.00307667749521168 -6.82380477632208 -0.00683162712373493 0.00305739451280375 0.999971990212544 315.455087876084
0.999972227224468 0.00189075493970227 0.0072090100218806 -0.566088673923028 -0.00187338532442711 0.999995328067897 -0.00241542331800169 -6.85713694215786 -0.00721354331544523 0.00240185098141342 0.999971097534673 317.087857072883
0.999974269580402 0.00129513085548483 0.00705569367303326 -0.549655308631289 -0.00127023576643135 0.999992956744534 -0.00353170814522466 -6.90172474269665 -0.00706021800217168 0.00352265487843172 0.999968871627697 318.70772029493
0.999971259107814 0.000608550074768676 0.00755715721281114 -0.545476397526477 -0.000580190831673779 0.999992784432062 -0.00375425923580535 -6.93048181045651 -0.0075593873383685 0.00374976674171703 0.999964396822432 320.353592172555
0.99996952445389 0.000454253095001637 0.00779383202199428 -0.544287012557224 -0.000426705412194199 0.999993657830336 -0.00353584807318598 -6.96280651472347 -0.00779538876211997 0.00353241464597947 0.999963376309761 321.983403961669
0.999965150903007 -0.000162175926157955 0.00834689633906029 -0.540108789635929 0.0001913086328218 0.999993893152926 -0.00348956413631515 -7.00632065922152 -0.00834627944254511 0.00349103936148303 0.999959075294406 323.610159244737
0.999959799627686 0.00134355509991318 0.00886532505058533 -0.532886207121841 -0.00130409618262256 0.999989225169978 -0.00445520786203507 -7.04054854191992 -0.00887121534545903 0.0044434675244641 0.999950777355892 325.225053799838
0.999952067732636 0.00145474867639344 0.00968224888724773 -0.520461515863996 -0.00140763910706517 0.999987147830079 -0.00487059819823781 -7.08517169054729 -0.00968920994562194 0.00485673562724472 0.999941263939876 326.875848861843
0.999944077358665 0.00038327482676271 0.0105685976238523 -0.537983620240929 -0.000348901811407787 0.999994644782086 -0.00325402438143257 -7.11799689700585 -0.0105697882123401 0.00325015500493919 0.999938856165511 328.461512826369
0.999944063224081 -0.000965317207886032 0.0105327387513087 -0.521052010859681 0.000988759300556232 0.999997045506676 -0.00222066047950791 -7.16047384418997 -0.0105305639906287 0.00223095060632097 0.999942063362389 330.119231119361
0.999941956146935 -0.00206823354310391 0.0105738709587537 -0.513770364621502 0.00210025298169897 0.999993240406681 -0.00301795930380724 -7.20478097941434 -0.0105675576390223 0.00303999193383007 0.999939540759634 331.70705378795
0.999942068575 -0.00139364769734127 0.0106732019584346 -0.516706511592136 0.00142733372032902 0.999994022723717 -0.00314916422078464 -7.24789772181222 -0.0106687493362928 0.00316421600627293 0.999938080845342 333.329814119347
0.999942609721395 0.000174670147999302 0.0107119911269914 -0.515774673307518 -0.000118401343642708 0.999986194371204 -0.00525328926661206 -7.26283568057675 -0.0107127608340319 0.00525171946473494 0.999928825566088 334.950910177153
0.99994500339652 0.00199190964557072 0.0102967217257554 -0.494348183338998 -0.00190944385296259 0.99996607577591 -0.00801257271418975 -7.32400889261861 -0.0103123327383354 0.00799247103790042 0.999914884477775 336.506793322708
0.999954615689739 0.0033107437165035 0.00893339447416246 -0.509756610796256 -0.00324300369501752 0.999965962275841 -0.00758664726901941 -7.36554479604798 -0.00895820784652078 0.00755733192297715 0.999931316264464 338.155512851432
0.999957065188459 0.004025916036566 0.00834624345140451 -0.496675701792728 -0.00399048663102148 0.999982975696494 -0.00425726832992116 -7.41805396728845 -0.00836324076726425 0.00422377997199565 0.99995610698001 339.729992277477
0.999959597010134 0.00481686485409789 0.00758960870585805 -0.512007491345485 -0.00480502843685758 0.999987212274452 -0.00157701911569628 -7.44820739624212 -0.00759710793997754 0.00154048711375266 0.999969954973849 341.354611343378
0.999965108550808 0.00562488927929546 0.00617594539863147 -0.507707841697544 -0.00561059916687158 0.999981548934173 -0.00232872673396311 -7.48004921321753 -0.00618893027589665 0.00229399472720439 0.999978217127869 342.950516494449
0.999974972712673 0.00556478547016064 0.00436887982901527 -0.49739900881197 -0.00554963122209401 0.999978569096545 -0.0034731744738869 -7.53510902955207 -0.00438811367082107 0.00344884187784672 0.999984424852764 344.560314462681
0.999988983091933 0.00377785882754157 0.00278594282803097 -0.510277699642707 -0.00377048297591037 0.999989385611969 -0.00264804107312303 -7.56109078837729 -0.00279591718229655 0.00263750754989302 0.999992613173234 346.137108243742
0.999996660825306 0.00200888750703478 0.00162564117242202 -0.511218646951232 -0.00200543478015344 0.999995736036555 -0.0021227670743382 -7.60501513446357 -0.00162989864100347 0.00211949986870088 0.999996425568975 347.75182718024
0.999996695822577 0.00200309788707727 0.00161119296891353 -0.499317104695472 -0.00199883729862487 0.99999451316152 -0.0026416465147464 -7.64383400711331 -0.00161647560511004 0.00263841727367608 0.999995212868996 349.341672756197
0.999998372343164 0.00128318141860232 0.00126836763982107 -0.529069586351737 -0.00127892932963247 0.999993579084409 -0.00334755578354097 -7.69006593106311 -0.00127265501711869 0.00334592818229359 0.999993592536375 350.923408683519
0.999998060658055 0.00133385278155391 0.0014489709749879 -0.51051252337775 -0.00132831117695458 0.99999182628228 -0.00381876394235041 -7.72375208993193 -0.00145405280041477 0.00381683185212016 0.999991658727745 352.533295421884
0.999998918985978 0.000617437940469266 0.00133446516075753 -0.533103429054388 -0.000612448197315184 0.999992832410081 -0.00373631311167673 -7.76483706400833 -0.00133676253733112 0.00373549178188778 0.999992129552561 354.118017966416
0.999999437673802 -0.000367119266400364 0.000994924883453046 -0.528439913591625 0.000371248096687965 0.999991307806156 -0.00415288899254073 -7.80738638805753 -0.000993391629812715 0.00415325602123178 0.999990881777175 355.691819780249
0.999999119272048 -0.00021653693655401 0.00130941471020327 -0.556943514397932 0.000222619186192951 0.999989179466826 -0.00464665363058456 -7.84987184019291 -0.00130839436949557 0.004646941038984 0.99998834695368 357.298562775332
0.999998706165011 -0.000909508739722257 0.00132682408642631 -0.547102164654233 0.000915659938915224 0.999988802856556 -0.00464281470538766 -7.89249108278616 -0.00132258654923523 0.00464402361801348 0.999988341836771 358.88134063455
0.999998323597506 -0.000906929823356963 0.00159068553581745 -0.561523146321198 0.000915809277222685 0.999983954575393 -0.00559033855192535 -7.92288550796654 -0.0015855899678372 0.0055917859448387 0.999983108774544 360.501222153193
0.999996867845024 -0.00206194706939514 0.00141868757152898 -0.559124942356786 0.00207090272943835 0.999977755120955 -0.00634039629203336 -7.98272537088423 -0.00140558245144239 0.00634331439689366 0.999978893127467 362.066930860875
0.999992306147075 -0.00381315199432229 0.000920607692247749 -0.577311212271693 0.00381779810177906 0.999979712577295 -0.00509890689112549 -8.00860319804097 -0.000901146108509592 0.00510238235518574 0.999986576724904 363.643676987399
0.999981792411432 -0.00578555832080553 0.00171527272920586 -0.571263660444931 0.0057930003688835 0.999973689473589 -0.00436594861456915 -8.0609323775859 -0.00168996814914218 0.0043758056967261 0.999988998105559 365.240327264635
0.999981194511284 -0.00606236350294945 0.00092648396876388 -0.571907717997135 0.00606709924592317 0.999968089313006 -0.0051971783148342 -8.10153184501672 -0.000894947219889777 0.00520270164954429 0.999986065385423 366.834165033387
0.999984739933574 -0.00502182448849252 0.00230242888910332 -0.572922718367642 0.0050351550216912 0.999970381151625 -0.00582099934556154 -8.13832464750407 -0.00227312865675012 0.00583250360310792 0.999980407201976 368.408998650013
0.999993173112637 -0.00313933379333846 0.00194892571803588 -0.591279931974837 0.00314920381615529 0.999982127236249 -0.00508209832558196 -8.17717819503613 -0.00193293648233239 0.00508820119497776 0.999985186872863 369.995695878145
0.999994597913905 -0.0018617071859298 0.00270890925658666 -0.587022539585084 0.0018738844398235 0.999988120611152 -0.00449968817618067 -8.22126131846098 -0.00270049997458821 0.00450474005138256 0.999986207213358 371.6394074818
0.999994882650241 -0.00183873326954373 0.00261796357792532 -0.61951324362632 0.00185158319116921 0.999986209906167 -0.00491443152207743 -8.26138631058521 -0.00260889114722139 0.00491925375056844 0.999984497194591 373.241154760905
0.999993210506125 -0.00177594181471638 0.00322877257228258 -0.616238750745257 0.00179386656222175 0.999982949789322 -0.00555717314853822 -8.30034341492797 -0.00321884830486389 0.0055629274052996 0.999979346213847 374.805987574507
0.999990363239578 -0.00165402040379121 0.00406665027766962 -0.615634658075536 0.00167837988063734 0.999980627545702 -0.00599396148467675 -8.33294607041351 -0.00405665736207777 0.00600072910631358 0.999973767046536 376.41184061557
0.999993246611291 -0.00033654784361902 0.00365970864401648 -0.619359471811376 0.000357583437628819 0.999983411847722 -0.00574875321048449 -8.38422330994687 -0.00365771320571571 0.00575002303811711 0.999976778914973 378.023522144861
0.99998838975324 0.000473230223045051 0.00479545742123106 -0.617057869028447 -0.000446083685967466 0.999983880451402 -0.00566037513783371 -8.42850222990682 -0.00479805878121111 0.00565817024415924 0.999972481492076 379.633261471852
0.999988233840212 0.00143037285112809 0.00463532249578109 -0.625192607528774 -0.00140429937446538 0.999983202879266 -0.0056233355396076 -8.4661199412504 -0.00464328810219813 0.00561675999406183 0.999973445588816 381.234036935667
0.999986886630279 0.00200261582019737 0.00471339552316792 -0.620999490502704 -0.00197452396956676 0.999980306740546 -0.00595712902142349 -8.51076969484511 -0.00472523254186823 0.00594774419094962 0.999971147842009 382.848815840532
0.99997468993554 0.00390954068346392 0.00594432333960246 -0.62617894451622 -0.003870853293758 0.999971344297138 -0.00650592647921779 -8.55322173125822 -0.00596958818509325 0.00648275221022096 0.999961168216387 384.445597623728
0.999973869176198 0.00465617068090382 0.00553001260159065 -0.62132477206507 -0.00462116910730683 0.999969316676177 -0.00632538554249588 -8.59195252284611 -0.00555929499713164 0.0062996651315633 0.999964703606265 386.047381582058
0.999956370895934 0.00640807677306389 0.00679653269714755 -0.620509964883989 -0.00636893000841326 0.999963094868819 -0.00576590243776499 -8.63108915922331 -0.00683323021570398 0.00572236423555947 0.999960279967347 387.659114025215
0.999952706409445 0.00706277922774308 0.00668596245930311 -0.630630924025398 -0.00703002832509662 0.999963237812824 -0.00490935073528963 -8.66903004029932 -0.00672039032909464 0.00486211604899663 0.999965597498909 389.312824309861
0.999947720789976 0.0077562236050198 0.00666308354452003 -0.64264682819032 -0.00772046797950722 0.999955749319823 -0.0053752931462032 -8.70839249626718 -0.0067044806741256 0.00532357000697362 0.999963354099174 390.919617587521
0.999944094180634 0.00774769594064828 0.00719595170096789 -0.64905767834207 -0.00771136230840885 0.999957448176619 -0.00506327240544549 -8.74772719295476 -0.00723487419516413 0.00500749874833302 0.999961290026602 392.514359621423
