1556456283.83376 0 0 0 0 0 0 1
1556456284.83461 -0.00545412 -0.00752966 -0.00840608 -5.69363E-06 -8.54429E-07 -2.12342E-05 1
1556456285.8355 -0.0107483 -0.0149971 -0.0178026 4.08944E-05 -6.50823E-05 -1.95251E-05 1
1556456286.83643 -0.0160536 -0.0226603 -0.028414 0.00016887 -6.99428E-05 5.80221E-06 1
1556456287.83715 -0.0211651 -0.0300935 -0.0393538 6.99078E-05 -6.46294E-05 -2.54395E-05 1
1556456288.83803 -0.0259412 -0.03689 -0.0500706 2.60966E-05 -4.10155E-05 -3.62342E-05 1
1556456289.83888 -0.030322 -0.0430794 -0.0603534 5.12693E-05 1.49883E-06 -3.54247E-05 1
1556456290.83976 -0.0343764 -0.0486878 -0.0701156 5.05628E-05 -1.94661E-05 -6.56832E-05 1
1556456291.84061 -0.0379934 -0.0538044 -0.0793036 3.58257E-05 3.68809E-05 -4.47527E-05 1
1556456292.74147 -0.0411964 -0.0583575 -0.0878494 1.48265E-06 1.73043E-05 -6.53736E-05 1
1556456293.84237 -0.0440843 -0.0626133 -0.0956882 6.00637E-05 -1.64249E-05 -4.73897E-05 1
1556456294.84328 -0.0467317 -0.0665933 -0.102788 6.37077E-05 -9.9488E-06 -6.52194E-05 1
1556456295.84414 -0.0491081 -0.0702159 -0.109235 3.75941E-05 7.52823E-05 -1.70412E-05 1
1556456296.845 -0.051373 -0.073324 -0.115066 -0.000152444 7.68511E-05 -6.61267E-05 1
1556456297.84583 -0.0535596 -0.076264 -0.120381 -2.87608E-05 7.59997E-05 -7.08388E-05 1
1556456298.84671 -0.0556316 -0.0791605 -0.125192 8.3767E-05 6.6394E-05 -9.65489E-05 1
1556456299.84761 -0.057599 -0.0819117 -0.129562 -8.55608E-05 0.000130129 -9.80657E-05 1
1556456300.84843 -0.0594474 -0.0846865 -0.133636 6.42973E-05 0.000193223 -0.000162172 1
1556456301.84928 -0.0610851 -0.0874219 -0.137482 -4.59159E-05 0.000181804 -0.000150756 1
1556456302.85016 -0.0624885 -0.0901107 -0.141103 -0.000100836 0.0001621 -0.000157566 1
1556456303.85101 -0.063727 -0.0927851 -0.144477 -7.4039E-05 0.000141643 -0.000161678 1
1556456304.8519 -0.0648923 -0.0955105 -0.147629 -9.23057E-05 0.000105492 -0.000163255 1
1556456305.7527 -0.066035 -0.098228 -0.150574 -0.000132889 0.000121934 -0.000168962 1
1556456306.85366 -0.0671282 -0.100836 -0.153294 -0.000158917 0.000105505 -0.000181275 1
1556456307.8545 -0.0681677 -0.103357 -0.155795 -0.000137171 8.66966E-05 -0.000155607 1
1556456308.85535 -0.0690978 -0.105824 -0.158108 -0.000112858 0.000162697 -0.000197759 1
1556456309.85622 -0.07277 -0.108171 -0.160277 -0.000428903 0.000833467 -0.000276261 1
1556456310.75701 -0.789772 -0.178715 -0.237992 -0.000587986 0.00168424 -0.00107807 0.999998
1556456311.75786 -2.27442 -0.159483 -0.237355 -2.17826E-05 0.000603679 0.000260596 1
1556456312.85883 -4.39754 -0.154012 -0.237531 -0.000473027 0.00258311 0.00995176 0.999947
1556456313.75966 -6.89632 -0.210872 -0.22925 -0.00375437 -0.00168754 0.028579 0.999583
1556456314.76046 -9.1503 -0.446978 -0.218508 -0.00676057 0.0025163 0.0820248 0.996604
1556456315.76132 -11.235 -1.15141 -0.196074 -0.00773992 -0.00493014 0.205355 0.978645
1556456316.76218 -12.9938 -2.59887 -0.204861 -0.00824274 -0.00793795 0.389467 0.920969
1556456317.76306 -14.0863 -4.73466 -0.213757 -0.00459699 -0.0112083 0.563876 0.82577
1556456318.76391 -14.5827 -7.29056 -0.230915 -0.00474763 -0.00599378 0.654533 0.755995
1556456319.76473 -14.8585 -10.2839 -0.224429 -0.00357922 -0.00881841 0.685478 0.728032
1556456320.76564 -15.0051 -13.7535 -0.232826 -0.00438802 -0.00747449 0.70265 0.711483
1556456321.76659 -15.0301 -17.6121 -0.232659 -0.0028397 -0.00526282 0.714008 0.700112
1556456322.76735 -14.9509 -21.7914 -0.22633 -0.00277097 -0.00289448 0.719736 0.694237
1556456323.76825 -14.8953 -26.3313 -0.209487 -0.0015802 -0.00568204 0.716931 0.697119
1556456324.76909 -14.8747 -31.2574 -0.200879 -0.00232314 -0.00742143 0.715534 0.698535
1556456325.76995 -14.8589 -36.5353 -0.220523 0.000566738 -0.0047206 0.713822 0.700311
1556456326.77083 -14.877 -42.0859 -0.226612 0.00575645 0.000753505 0.7122 0.701952
1556456327.77173 -14.9445 -47.9664 -0.217781 -0.000669993 0.000933683 0.708999 0.705208
1556456328.77256 -15.0377 -53.9419 -0.186323 -0.00202477 -0.00457662 0.709865 0.70432
1556456329.77346 -15.1231 -59.6867 -0.155068 -0.00098689 -0.00546418 0.708304 0.705886
1556456330.77431 -15.2313 -65.224 -0.140006 -0.00194655 -0.00302862 0.709125 0.705074
1556456331.77518 -15.3343 -70.4951 -0.126629 0.00174762 -0.00326479 0.70462 0.709575
1556456332.77607 -15.7713 -75.7245 -0.0998966 -0.00220351 -0.000882579 0.677096 0.735891
1556456333.77687 -16.6688 -81.3729 -0.0536225 0.00111851 0.000574864 0.657686 0.753291
1556456334.77776 -17.6938 -87.5112 -0.0273524 -0.00121343 -0.00521425 0.659035 0.752093
1556456335.77863 -18.5836 -94.0231 -0.0140468 -0.0028794 -0.0060017 0.676168 0.736717
1556456336.77949 -19.1843 -100.914 0.0154784 -0.00601866 -0.00520868 0.691975 0.721877
1556456337.78039 -19.5525 -108.122 0.0533915 -0.00687295 -0.00805494 0.70068 0.713397
1556456338.78123 -19.7646 -115.378 0.0896484 -0.00578001 -0.00706869 0.708144 0.706009
1556456339.78206 -19.8755 -122.39 0.121073 -0.00344201 -0.0035262 0.709827 0.704359
1556456340.78294 -19.9848 -128.745 0.168717 -0.00275533 -0.00613956 0.710971 0.703189
1556456341.7838 -20.1269 -133.962 0.199194 -0.001896 -0.00961492 0.71257 0.701533
1556456342.78464 -20.2149 -137.892 0.222013 0.000826709 -0.00557321 0.712936 0.701207
1556456343.78553 -20.3156 -140.116 0.247536 0.000638748 -0.00463747 0.712675 0.701479
1556456344.78637 -20.1717 -140.864 0.265723 8.13255E-05 -0.00398345 0.712433 0.701728
1556456345.7873 -20.0175 -140.893 0.280778 -0.000864566 -0.00300103 0.712388 0.701779
1556456346.78808 -19.8389 -140.952 0.285878 -0.000792194 -0.00303639 0.712356 0.701811
1556456347.78896 -19.5172 -140.926 0.28347 -0.000765703 -0.00308171 0.712337 0.70183
1556456348.78985 -19.4431 -140.906 0.283316 -0.000775574 -0.00301153 0.712321 0.701847
1556456349.79071 -19.2163 -140.947 0.230503 -0.000715363 -0.00299175 0.712282 0.701887
1556456350.79159 -19.0259 -141.029 0.139117 -0.000694504 -0.00296026 0.712255 0.701914
1556456351.79247 -18.9596 -141.075 0.0972772 -0.00064665 -0.00297983 0.712258 0.701912
1556456352.79333 -18.9476 -141.088 0.0961175 -0.000649767 -0.00299346 0.712259 0.70191
1556456353.7942 -18.9475 -141.095 0.0954296 -0.000632501 -0.00295296 0.712289 0.70188
1556456354.79504 -18.9507 -141.097 0.0950947 -0.000624281 -0.0029614 0.712299 0.701869
1556456355.79592 -18.957 -141.097 0.0943122 -0.000609719 -0.00295497 0.712323 0.701845
1556456356.79681 -18.965 -141.095 0.0923793 -0.000570178 -0.00292692 0.712349 0.701819
1556456357.79758 -18.9732 -141.093 0.0891426 -0.000558508 -0.00291204 0.712357 0.701811
1556456358.79847 -18.9809 -141.09 0.0851046 -0.00056781 -0.00295674 0.712344 0.701824
1556456359.79937 -18.9881 -141.086 0.0804659 -0.000553583 -0.00298112 0.712348 0.70182
1556456360.80022 -18.9945 -141.084 0.0753116 -0.000536344 -0.00295334 0.712351 0.701817
1556456361.8012 -19.0004 -141.081 0.0697605 -0.000590414 -0.00292767 0.712351 0.701817
1556456362.80196 -19.0056 -141.078 0.0640094 -0.000590917 -0.00293429 0.712353 0.701815
1556456363.80278 -19.0103 -141.076 0.0582341 -0.000603637 -0.00291581 0.712354 0.701815
1556456364.80369 -19.0147 -141.074 0.0525903 -0.000607335 -0.00290483 0.712357 0.701811
1556456365.80456 -19.0188 -141.072 0.0470044 -0.000637082 -0.00297272 0.712349 0.701819
1556456366.80543 -19.0229 -141.07 0.0415007 -0.00065616 -0.00297412 0.712354 0.701814
1556456367.80629 -19.027 -141.067 0.0360657 -0.000618962 -0.00296963 0.712362 0.701806
1556456368.80721 -19.0311 -141.071 0.0305667 -0.00121453 -0.00258558 0.7123 0.70187
1556456369.808 -19.1162 -141.592 -0.0937479 -0.00136325 -0.0032843 0.712857 0.7013
1556456370.80886 -19.1323 -142.433 -0.126961 -0.00203073 -0.00333251 0.713956 0.70018
1556456371.80974 -19.1526 -143.631 -0.159507 -0.00205959 -0.00367163 0.712926 0.701227
1556456372.81061 -19.2334 -145.294 -0.186335 -0.00492691 -0.00507927 0.701334 0.712798
1556456373.81148 -19.4281 -147.498 -0.192397 -0.00457743 -0.00473558 0.677346 0.735635
1556456374.81234 -20.1869 -150.684 -0.188015 -0.00248382 -0.000216363 0.598298 0.80127
1556456375.81322 -22.0988 -154.181 -0.165469 -0.00460546 0.00083409 0.473205 0.88094
1556456376.81405 -25.1965 -156.958 -0.132467 -0.00868447 -0.00333998 0.310727 0.950454
1556456377.81494 -29.0779 -158.558 -0.133818 -0.00655146 -0.0105185 0.153961 0.987999
1556456378.81579 -33.7129 -159.219 -0.192137 0.00204257 -0.00622802 0.055014 0.998464
1556456379.81669 -38.992 -159.307 -0.22632 0.00763053 -0.00932719 0.00321445 0.999922
1556456380.81751 -44.6876 -158.973 -0.261807 0.0045515 -0.00865169 -0.0143354 0.999849
1556456381.71829 -50.4 -158.596 -0.262793 0.00123704 -0.00745555 -0.0160611 0.999842
1556456382.81927 -55.9257 -158.21 -0.279042 -0.00302174 -0.000168889 -0.0135156 0.999904
1556456383.82011 -61.4701 -157.898 -0.26642 0.00103865 -0.000644587 -0.00926725 0.999956
1556456384.82092 -67.5096 -157.59 -0.240055 0.00601049 -0.00204331 -0.00816085 0.999947
1556456385.72175 -74.1065 -157.202 -0.226477 0.000251235 -0.00149075 -0.0102783 0.999946
1556456386.72262 -81.0907 -156.76 -0.213739 -0.00242741 -0.00137505 -0.0120796 0.999923
1556456387.72349 -88.1269 -156.34 -0.191592 -0.00133263 -0.00145957 -0.0101681 0.999946
1556456388.72434 -95.4644 -155.966 -0.166163 -0.0064089 -0.00178578 -0.00280013 0.999974
1556456389.72516 -103.168 -155.683 -0.134931 -0.00684248 -0.00188923 0.00462369 0.999964
1556456390.72602 -111.116 -155.518 -0.10958 -0.00183472 -0.00209692 0.0107036 0.999939
1556456391.72689 -119.288 -155.417 -0.115678 -0.00337541 -0.00278598 0.0162426 0.999859
1556456392.72776 -127.608 -155.367 -0.0804699 -0.00433819 -0.00298413 0.0172233 0.999838
1556456393.72865 -135.937 -155.289 -0.0486501 -0.00142637 -0.000292642 0.0119561 0.999927
1556456394.72951 -143.953 -155.073 0.00179983 0.000890033 -0.00435973 0.00449899 0.99998
1556456395.73044 -151.899 -154.799 0.0973342 0.00163986 -0.00412968 0.00307459 0.999985
1556456396.73126 -160.061 -154.467 0.180046 -0.00360198 -0.00556843 0.00208024 0.999976
1556456397.73216 -168.2 -154.055 0.262905 -0.000650189 0.00140154 -0.00940611 0.999955
1556456398.83306 -176.403 -153.398 0.359911 -0.0049103 -8.60119E-05 -0.0204755 0.999778
1556456399.73385 -184.588 -152.618 0.445293 -0.0182083 0.000173567 -0.0205109 0.999624
1556456400.73474 -192.702 -152.791 0.551293 -0.020144 0.000524877 -0.010999 0.999736
1556456401.73561 -200.537 -152.993 0.649912 -0.0106985 0.00335148 0.00174757 0.999936
1556456402.73649 -208.132 -153.295 0.791116 -0.0167784 0.00199949 0.00495373 0.999845
1556456403.7374 -215.558 -153.364 0.907454 -0.0175473 -0.00323137 0.00702374 0.999816
1556456404.73817 -222.662 -153.322 1.02198 -0.016915 0.000805652 0.010441 0.999802
1556456405.73906 -229.457 -153.336 1.1393 -0.0111202 -0.00179322 0.0156917 0.999813
1556456406.7399 -236.155 -153.462 1.2349 -0.0158882 -0.00179069 0.0193648 0.999685
1556456407.84084 -242.919 -153.5 1.34964 -0.011323 -0.0009595 0.0148942 0.999824
1556456408.74164 -249.954 -153.56 1.49111 -0.00828336 -0.00303839 0.0199271 0.999763
1556456409.84261 -257.212 -153.746 1.60212 -0.00656839 -0.000338947 0.0296563 0.999539
1556456410.74338 -264.52 -154.086 1.71081 -0.00534924 0.000161296 0.0463505 0.998911
1556456411.74423 -271.911 -154.788 1.83101 -0.000261039 0.000813024 0.0656205 0.997844
1556456412.74509 -279.757 -155.624 1.96637 -0.00197125 0.00203237 0.0660359 0.997813
1556456413.746 -287.504 -156.301 2.04948 -0.00994466 -0.00445331 0.0486818 0.998755
1556456414.74678 -295.497 -156.672 2.12001 -0.00312276 -0.00772101 0.0301748 0.99951
1556456415.74768 -303.16 -156.845 2.20861 0.000359696 0.000162972 0.018706 0.999825
1556456416.74854 -310.575 -156.885 2.34898 -0.000797752 0.000104731 0.0138141 0.999904
1556456417.74937 -317.692 -156.871 2.47958 0.00232514 -0.00140717 0.0144944 0.999891
1556456418.75026 -324.183 -156.887 2.61459 0.00328609 -0.000829913 0.0127958 0.999912
1556456419.75115 -330.008 -156.863 2.74823 0.00270434 -0.0011337 0.0105163 0.99994
1556456420.75288 -335.468 -156.816 2.88159 0.000492336 -0.000360793 0.00926359 0.999957
1556456421.75288 -340.876 -156.834 3.03547 0.00313394 0.00144015 0.00841366 0.999959
1556456422.75373 -346.711 -156.796 3.18144 0.00270691 -0.0024452 0.00694413 0.999969
1556456423.75461 -352.923 -156.718 3.33032 0.00641526 0.000476914 0.000224908 0.999979
1556456424.75548 -359.464 -156.515 3.51478 0.0107588 -0.000519208 -0.0186618 0.999768
1556456425.75629 -366.224 -155.908 3.65776 -0.000821545 -0.00393341 -0.0333613 0.999435
1556456426.7572 -373.123 -155.392 3.75674 0.000903042 -0.0050311 -0.0238271 0.999703
1556456427.75808 -380.318 -154.931 3.90421 -0.00184529 -0.00345177 -0.0143033 0.99989
1556456428.75891 -387.804 -154.446 4.02321 -0.00674448 -0.00267325 -0.0109994 0.999913
1556456429.75979 -395.199 -154.109 4.14011 -0.00420625 -0.00368648 -0.00564117 0.999968
1556456430.76066 -402.58 -153.992 4.20943 -0.00207191 -0.00575019 0.00438006 0.999972
1556456431.7615 -410.082 -153.932 4.29537 -0.00853207 -0.00474758 0.0135281 0.999861
1556456432.76241 -417.5 -154.089 4.41494 -0.00243366 -0.00389576 0.0223611 0.999739
1556456433.76326 -424.982 -154.289 4.54267 -0.00731399 -0.00476487 0.0222903 0.999713
1556456434.7641 -432.631 -154.485 4.66734 -0.000521342 -0.00196232 0.0193518 0.999811
1556456435.76496 -440.003 -154.654 4.82482 -0.00977565 0.00145306 0.01704 0.999806
1556456436.76583 -447.198 -154.729 5.02158 -0.0187048 -0.00157967 0.0169702 0.99968
1556456437.76671 -453.887 -154.536 5.181 -0.0190692 -0.00259958 0.0158896 0.999689
1556456438.76759 -460.527 -154.576 5.34507 -0.015592 -0.00277184 0.0103735 0.999821
1556456439.76842 -466.995 -154.37 5.50102 -0.022546 -0.00447071 -0.00389675 0.999728
1556456440.76927 -473.398 -154.008 5.65371 -0.0280659 -0.000175989 -0.0282793 0.999206
1556456441.77015 -479.67 -153.261 5.81814 -0.0254209 0.000896417 -0.0623502 0.99773
1556456442.771 -485.744 -151.955 5.98914 -0.0254268 -0.00155062 -0.110089 0.993595
1556456443.77193 -491.541 -149.86 6.14768 -0.02568 0.00428888 -0.179471 0.983419
1556456444.77276 -497.16 -146.622 6.2975 -0.028087 0.0032226 -0.247746 0.968413
1556456445.77362 -502.685 -142.872 6.418 -0.0284611 0.00425984 -0.311506 0.949808
1556456446.77449 -507.891 -138.454 6.55588 -0.0224496 0.0124089 -0.356751 0.933847
1556456447.77535 -512.774 -133.535 6.72042 -0.0208569 0.00855425 -0.385388 0.922479
1556456448.77621 -517.282 -128.219 6.87428 -0.0222931 0.00691419 -0.401437 0.915589
1556456449.7771 -521.712 -123.298 7.039 -0.0229598 0.00341883 -0.406061 0.913551
1556456450.77794 -525.804 -118.842 7.18754 -0.0250029 0.00729711 -0.403266 0.914712
1556456451.77881 -529.276 -115.205 7.32206 -0.0262164 0.00593679 -0.395044 0.918269
1556456452.77967 -532.144 -112.181 7.50045 -0.0232173 0.00890023 -0.383239 0.923314
1556456453.78048 -534.294 -109.201 7.4629 -0.0256845 0.00491366 -0.375831 0.926319
1556456454.78142 -537.016 -106.717 7.23962 -0.0209376 0.00652408 -0.369837 0.928838
1556456455.78228 -539.486 -104.578 6.71798 -0.0164592 0.0046201 -0.369053 0.929251
1556456456.78311 -541.533 -102.596 6.36118 -0.00815957 0.00421633 -0.386841 0.922101
1556456457.78401 -543.971 -99.7867 6.19896 -0.00642135 0.00140903 -0.399564 0.916682
1556456458.78484 -546.726 -96.7091 6.09771 0.000454482 0.00130592 -0.41592 0.9094
1556456459.7857 -549.445 -93.1015 5.96574 -0.00304615 0.00486383 -0.444837 0.895593
1556456460.78658 -551.76 -89.1568 5.68127 -0.00340247 0.0110054 -0.522123 0.852793
1556456461.78746 -553.11 -84.8196 5.66227 -0.0120051 0.0119779 -0.62381 0.781392
1556456462.78832 -553.263 -80.2972 5.70484 -0.00210903 0.00730295 -0.726083 0.687565
1556456463.78923 -552.404 -75.7817 5.61011 -0.0015861 -0.0123743 -0.793634 0.608268
1556456464.79 -550.499 -71.5569 5.32232 -0.000213711 -0.0056746 -0.858706 0.512437
1556456465.79093 -547.456 -67.6927 5.06442 -0.00131046 0.00712831 0.916866 -0.39913
1556456466.79178 -543.439 -64.2748 4.97266 0.00138686 -0.00210725 0.942477 -0.33426
1556456467.79268 -538.842 -60.7074 4.91829 0.000543603 -0.00473234 0.94247 -0.334257
1556456468.79352 -533.944 -56.7284 4.92463 0.00132056 -0.00356474 0.938444 -0.34541
1556456469.79438 -528.759 -52.3498 4.91071 0.00629844 -0.00721489 0.935576 -0.352995
1556456470.79521 -523.297 -47.7653 4.81657 0.00197931 -0.00869562 0.936759 -0.349862
1556456471.79613 -517.448 -42.8848 4.79101 0.0048534 -0.00800136 0.938092 -0.34626
1556456472.79696 -511.284 -37.7863 4.8014 0.00290538 -0.00635995 0.938699 -0.344667
1556456473.79784 -504.864 -32.5387 4.73326 0.00825512 -0.00994255 0.938956 -0.343795
1556456474.79868 -498.127 -27.0252 4.71134 0.0056652 -0.0156438 0.938159 -0.345803
1556456475.79957 -491.099 -21.1679 4.77816 0.00297855 -0.00982544 0.937626 -0.347493
1556456476.80042 -483.848 -15.1272 4.81103 0.000295613 -0.00751496 0.938443 -0.345352
1556456477.80131 -476.564 -9.0873 4.8451 0.00305146 -0.0109702 0.93659 -0.350242
1556456478.80211 -469.07 -2.74923 4.90445 0.00490719 -0.00742946 0.936379 -0.350877
1556456479.80299 -461.298 3.7966 4.90673 0.00190869 -0.00571789 0.936413 -0.350848
1556456480.80386 -453.66 10.2046 4.87942 0.00303032 -0.00610956 0.936484 -0.350645
1556456481.80472 -445.742 16.8496 4.92033 0.00290733 -0.00567909 0.936893 -0.349558
1556456482.70551 -438.098 23.2314 4.96288 0.00151533 -0.00439754 0.937543 -0.347839
1556456483.80651 -430.75 29.3472 5.03366 0.00257431 -0.00358867 0.937148 -0.348903
1556456484.80735 -423.849 35.0802 5.08502 0.00321601 -0.00409987 0.937781 -0.347187
1556456485.8082 -417.18 40.5801 5.1594 0.00108169 -0.00890125 0.937707 -0.347312
1556456486.70902 -410.882 45.798 5.22919 0.00234253 -0.0043317 0.938316 -0.345743
1556456487.80991 -404.905 50.6561 5.29833 0.00391343 -0.00568246 0.939571 -0.342284
1556456488.81076 -399.527 54.9668 5.34592 0.00372266 -0.00448319 0.94127 -0.337606
1556456489.81167 -394.949 58.5465 5.3913 0.00414714 -0.00394632 0.942581 -0.33393
1556456490.81252 -390.978 61.6039 5.42964 0.00650736 -0.00503226 0.943374 -0.33163
1556456491.81341 -388.13 63.7897 5.44859 0.00508847 -0.00865543 0.942739 -0.333381
1556456492.81426 -386.346 65.1652 5.49013 0.00541843 -0.0100761 0.942197 -0.334864
1556456493.81513 -385.264 65.9872 5.47736 0.00767584 -0.00913622 0.941732 -0.336153
1556456494.81602 -384.914 66.6354 5.12157 0.00729745 -0.00959874 0.941546 -0.336669
1556456495.81685 -384.918 66.7351 5.00416 0.0067468 -0.00990597 0.941521 -0.33674
1556456496.81771 -384.866 66.7691 4.84945 0.00665516 -0.00989658 0.941526 -0.336729
1556456497.81855 -384.823 66.7172 4.74621 0.00670181 -0.00991757 0.941522 -0.336738
1556456498.81943 -384.822 66.7375 4.66561 0.00670687 -0.0099449 0.941525 -0.336729
1556456499.82034 -384.808 66.7136 4.59561 0.00670295 -0.00992049 0.941523 -0.336736
1556456500.82116 -384.882 66.7363 4.81329 0.00668815 -0.00992561 0.941529 -0.336718
1556456501.82203 -384.87 66.7313 4.8276 0.0066577 -0.00991845 0.941513 -0.336766
1556456502.82292 -384.844 66.7187 4.80345 0.00660879 -0.00991055 0.941474 -0.336876
1556456503.82377 -384.814 66.7009 4.74968 0.00656418 -0.00986365 0.941443 -0.336964
1556456504.8246 -384.783 66.681 4.67033 0.00652733 -0.00979531 0.941405 -0.337073
1556456505.8255 -384.753 66.6619 4.57596 0.00651179 -0.00980902 0.941406 -0.337071
1556456506.82636 -384.727 66.6444 4.47094 0.0065216 -0.00981523 0.941387 -0.337123
1556456507.82721 -384.703 66.6294 4.35953 0.00576948 -0.0100542 0.941402 -0.337086
1556456508.82806 -384.2 66.7321 3.13352 0.00349995 -0.0105777 0.941306 -0.33737
1556456509.82897 -382.849 67.7503 2.68777 0.00235287 -0.0115218 0.940368 -0.339956
1556456510.82978 -381.02 69.1831 2.26355 0.00537027 -0.0098147 0.939329 -0.342836
1556456511.8307 -379.758 70.1644 1.83598 0.00529308 -0.00895939 0.938593 -0.34487
1556456512.83152 -378.98 70.7928 1.81296 0.00398181 -0.0102815 0.938103 -0.346182
1556456513.83235 -377.908 71.627 1.81433 0.00318842 -0.0134055 0.937308 -0.348229
1556456514.73318 -376.037 73.1259 1.82753 0.0011251 -0.0107145 0.936484 -0.350544
1556456515.83408 -373.41 75.2673 1.83922 0.00150838 -0.00646313 0.936539 -0.3505
1556456516.7349 -370.083 77.9533 1.8461 -0.000929486 -0.0116125 0.938248 -0.345768
1556456517.73576 -366.031 81.1576 1.88318 -0.00131416 -0.00267149 0.943175 -0.332283
1556456518.73663 -361.248 84.7113 1.88453 0.00104792 0.000906499 0.946586 -0.322447
1556456519.73749 -355.827 88.5515 1.88348 0.00112718 -3.68588E-05 0.950912 -0.309458
1556456520.73837 -349.841 92.6125 1.90905 0.000741549 0.00279625 0.95421 -0.299123
1556456521.73924 -343.299 96.8632 1.91776 0.00234216 0.00177414 0.956897 -0.290413
1556456522.74013 -336.212 101.353 1.92655 0.000200249 0.00160759 0.957511 -0.288394
1556456523.74098 -328.702 106.077 1.95974 0.00202441 0.000714966 0.958284 -0.285809
1556456524.74183 -320.805 110.908 1.96717 0.00363104 -0.00067277 0.959296 -0.28238
1556456525.74268 -312.57 115.972 1.98852 0.00197528 -0.00313714 0.95967 -0.281103
1556456526.74355 -303.998 121.17 2.02903 0.00259239 -0.00543165 0.960459 -0.278357
1556456527.74444 -295.167 126.444 2.03665 0.00182965 0.00423022 0.961809 -0.273684
1556456528.7453 -286.282 131.693 2.07975 0.00134738 0.0045878 0.96043 -0.27848
1556456529.74616 -277.534 137.096 2.13341 0.000179102 0.00443439 0.958138 -0.286271
1556456530.74702 -268.904 142.423 2.17497 0.00169887 -0.00641635 0.959186 -0.282696
1556456531.74784 -259.857 147.887 2.23836 0.00058127 -0.002866 0.96101 -0.276497
1556456532.74877 -250.922 153.185 2.28774 0.00293115 0.000141303 0.961067 -0.276299
1556456533.74962 -241.587 158.73 2.31376 0.00559703 -0.00408171 0.961691 -0.274047
1556456534.75053 -232.37 164.12 2.35738 0.00198393 -0.00570296 0.961854 -0.273495
1556456535.75131 -222.736 169.745 2.42248 0.00536217 -0.00939157 0.961775 -0.273626
1556456536.7522 -213.248 175.29 2.47607 0.00496741 -0.00657639 0.962232 -0.272108
1556456537.75305 -203.268 181.03 2.56454 0.00238671 -0.00730559 0.962916 -0.26969
1556456538.75394 -193.24 186.753 2.63361 0.00281038 -0.00844753 0.96319 -0.268674
1556456539.75479 -183.064 192.56 2.69686 0.00457376 -0.00799496 0.962554 -0.270932
1556456540.75566 -172.8 198.639 2.76234 0.00310195 -0.00763979 0.961141 -0.275933
1556456541.75653 -162.47 204.759 2.82866 0.00609074 -0.00745476 0.960733 -0.277309
1556456542.7574 -152.074 210.907 2.9031 0.00502862 -0.00772892 0.960804 -0.277074
1556456543.75825 -141.621 217.07 2.99451 0.00411588 -0.00674343 0.961374 -0.275132
1556456544.75912 -131.274 223.074 3.06379 0.000714094 -0.00121127 0.963282 -0.26849
1556456545.76 -120.479 229.124 3.1628 0.00350363 -0.0016119 0.964352 -0.264593
1556456546.76089 -110.016 234.953 3.25753 0.000619206 -0.00653112 0.964082 -0.265525
1556456547.7617 -99.5349 240.814 3.38212 0.00522161 -0.00676412 0.963847 -0.266321
1556456548.76257 -89.358 246.466 3.47535 0.0015642 -0.00480818 0.965122 -0.261751
1556456549.76345 -79.4181 251.757 3.58097 0.00452567 -0.00692818 0.968554 -0.248665
1556456550.7643 -70.1733 256.273 3.70769 0.00465366 -0.00745756 0.97365 -0.227877
1556456551.76515 -61.7369 260.099 3.83637 0.00332895 -0.00660146 0.978132 -0.207854
1556456552.76601 -54.3247 262.904 3.96812 0.00476289 -0.0101645 0.982221 -0.187391
1556456553.76689 -48.4016 265.279 4.08306 0.00108861 -0.00955893 0.983305 -0.181709
1556456554.76775 -44.0176 267.162 4.18689 8.56737E-05 -0.00909697 0.98399 -0.177989
1556456555.76866 -41.0435 268.36 4.17643 0.000296524 -0.00646323 0.984474 -0.175413
1556456556.76948 -39.1915 269.074 4.22733 0.00175531 -0.00550771 0.984713 -0.174091
1556456557.77036 -38.1869 269.414 4.28518 0.00147819 -0.00552391 0.98491 -0.172971
1556456558.77127 -37.8787 269.493 4.33417 0.000858655 -0.00589581 0.984957 -0.172699
1556456559.77211 -37.862 269.465 4.36098 0.000323489 -0.0059291 0.984962 -0.172666
1556456560.77295 -37.848 269.431 4.38173 0.00030989 -0.00594739 0.98498 -0.172566
1556456561.77384 -37.8274 269.406 4.3746 0.000346488 -0.00595252 0.984985 -0.172536
1556456562.77467 -37.8318 269.393 4.27048 0.000312295 -0.00596028 0.984984 -0.172541
1556456563.77549 -37.8433 269.361 3.89868 0.000326931 -0.00596947 0.984985 -0.172534
1556456564.67631 -37.8513 269.334 3.58514 0.000313349 -0.00597343 0.984988 -0.172522
1556456565.67724 -37.8535 269.33 3.51506 0.000285995 -0.00595714 0.984988 -0.172518
1556456566.67806 -37.851 269.331 3.47847 0.000300932 -0.00600571 0.985004 -0.172427
1556456567.67894 -37.8479 269.334 3.45561 0.000260883 -0.00607132 0.985046 -0.172184
1556456568.6798 -37.8447 269.336 3.44012 0.0002781 -0.0060442 0.985035 -0.172246
1556456569.68066 -37.8423 269.338 3.429 0.000260308 -0.00601323 0.98502 -0.172337
1556456570.68151 -37.8407 269.34 3.42065 0.00029803 -0.00601553 0.985013 -0.172378
1556456571.68236 -37.8396 269.341 3.41383 0.000261586 -0.00603157 0.985016 -0.172359
1556456572.68325 -37.8389 269.342 3.40803 0.000291404 -0.0060158 0.985013 -0.172377
1556456573.68411 -37.8387 269.343 3.40297 0.000261604 -0.00597137 0.985006 -0.172419
1556456574.68495 -37.8386 269.343 3.39848 0.000281737 -0.00600454 0.985007 -0.172407
1556456575.68584 -37.8386 269.344 3.39451 0.000276061 -0.0059859 0.985006 -0.172417
1556456576.68672 -37.8385 269.344 3.39099 0.000284065 -0.00597482 0.985006 -0.172414
1556456577.68757 -37.8382 269.344 3.38777 0.000273723 -0.00594761 0.985006 -0.172418
1556456578.68843 -37.838 269.344 3.38485 0.000254012 -0.00594753 0.985007 -0.172412
1556456579.68932 -37.8377 269.344 3.3823 0.000248942 -0.00595139 0.985007 -0.172414
1556456580.69018 -37.8375 269.345 3.38002 0.000252466 -0.00591584 0.985006 -0.172419
1556456581.69103 -37.8373 269.345 3.37778 0.000227443 -0.00594153 0.985008 -0.172406
1556456582.69189 -37.8372 269.345 3.37559 0.000271163 -0.00592729 0.985005 -0.172423
1556456583.69278 -37.8371 269.345 3.37339 0.000236752 -0.00594852 0.985007 -0.172414
1556456584.69356 -37.837 269.346 3.37122 0.000261229 -0.00594941 0.985005 -0.172426
1556456585.69446 -37.8371 269.346 3.36907 0.000246172 -0.00592497 0.985003 -0.172433
1556456586.69533 -37.8372 269.346 3.36705 0.000293351 -0.00593726 0.985005 -0.172426
1556456587.69623 -37.8374 269.346 3.3652 0.00030242 -0.00593459 0.985004 -0.17243
1556456588.69706 -37.8376 269.347 3.36352 0.000293191 -0.00597425 0.985004 -0.172425
1556456589.69791 -37.8379 269.347 3.36199 0.000376539 -0.0059898 0.985004 -0.172426
1556456590.69877 -37.8382 269.348 3.36063 0.000366852 -0.00599501 0.985002 -0.172439
1556456591.69972 -37.8384 269.348 3.35943 0.000388868 -0.0059997 0.985004 -0.172426
1556456592.70059 -37.8386 269.348 3.35834 0.000371561 -0.00599929 0.985001 -0.172442
1556456593.7014 -37.8387 269.349 3.35733 0.000353319 -0.00602863 0.985003 -0.172434
1556456594.70221 -37.8388 269.349 3.3563 0.000335176 -0.0060421 0.985002 -0.172435
1556456595.70311 -37.8388 269.349 3.35526 0.000320231 -0.006052 0.985004 -0.172427
1556456596.70393 -37.8388 269.349 3.35422 0.000311746 -0.00606271 0.985003 -0.172429
1556456597.60475 -37.8387 269.35 3.35321 0.000314733 -0.00606505 0.985004 -0.172426
1556456598.70569 -37.8386 269.35 3.35218 0.000313075 -0.00602947 0.985008 -0.172402
1556456599.70655 -37.8385 269.35 3.35112 0.000287865 -0.00603919 0.985004 -0.172423
1556456600.70743 -37.8384 269.35 3.35006 0.000306656 -0.00602541 0.985001 -0.172441
1556456601.70829 -37.8383 269.35 3.34901 0.000311029 -0.00601113 0.985002 -0.172436
1556456602.70916 -37.838 269.351 3.34795 -0.000307917 -0.00610037 0.985007 -0.172408
1556456603.71001 -37.6955 269.307 2.8088 -0.000977327 -0.00571338 0.985092 -0.171932
1556456604.71091 -37.0226 269.182 1.82163 -0.00435436 -0.0065565 0.984994 -0.172409
1556456605.71177 -34.996 269.348 0.497153 -0.00319161 -0.00667955 0.984625 -0.174525
1556456606.71263 -31.9108 269.854 -0.907259 0.00283204 -0.0111909 0.983884 -0.178434
1556456607.71354 -27.8604 271.259 -0.995405 0.00878118 -0.0169654 0.982816 -0.183595
1556456608.71437 -23.402 272.885 -1.03252 0.00389041 -0.0160513 0.983435 -0.180506
1556456609.71521 -18.6547 274.322 -1.01566 0.000321096 -0.0183273 0.990771 -0.134298
1556456610.71603 -13.7701 274.918 -0.994686 0.00044376 -0.0178663 0.999362 -0.0309378
1556456611.71694 -8.95258 274.468 -1.02185 0.00267842 -0.0087574 0.99679 0.0795346
1556456612.61777 -4.2229 272.737 -1.06165 0.00408166 -0.0159121 0.976879 0.213159
1556456613.71865 0.0384005 269.468 -1.13141 0.000391202 -0.0134971 0.926622 0.375751
1556456614.71958 3.36551 264.64 -1.24419 -0.000893544 -0.0130357 0.871942 0.489435
1556456615.62031 6.23788 258.577 -1.33991 0.00625835 -0.00331324 0.841232 0.540628
1556456616.62119 9.25073 251.661 -1.35876 0.00174445 0.00334904 0.846873 0.531781
1556456617.72211 12.2349 244.548 -1.35984 0.00269669 0.00301533 0.834166 0.551499
1556456618.72299 15.0616 237.38 -1.34744 0.00108019 0.00133015 0.834595 0.550861
1556456619.62382 18.3574 229.767 -1.32854 -9.30953E-06 0.000588536 0.847817 0.530288
1556456620.62463 22.415 221.763 -1.31657 0.00217629 0.00342743 0.864155 0.503209
1556456621.72562 27.1348 213.209 -1.30365 -0.00218073 0.00519356 0.86517 0.501446
1556456622.62637 32.1599 203.669 -1.25075 -0.00552783 -0.00376734 0.860025 0.510208
1556456623.62726 37.2681 193.423 -1.18755 -0.00476787 -0.00394877 0.853104 0.521704
1556456624.62808 42.2118 182.997 -1.06008 -0.00663013 0.0062465 0.849357 0.52774
1556456625.62891 46.9399 172.953 -0.761166 -0.0140764 0.00819931 0.852513 0.522452
1556456626.62984 51.6141 163.634 -0.378132 -0.0140949 0.0105216 0.859734 0.51044
1556456627.63075 56.1636 155.134 0.0590932 -0.0175966 0.0175843 0.866565 0.498445
1556456628.63152 61.0048 147.4 0.605579 -0.0163523 0.0155015 0.874901 0.483777
1556456629.63241 65.7557 139.754 1.0215 -0.0186273 0.0178997 0.880507 0.473328
1556456630.7334 70.805 132.133 1.40338 -0.00971488 0.0178874 0.890039 0.45543
1556456631.83436 75.9528 125.051 1.65979 -0.00584929 -0.00404934 0.901881 0.431926
1556456632.73516 80.6502 119.235 1.71558 0.0038236 -0.000246445 0.909266 0.416197
1556456633.83606 84.3247 114.906 1.72403 0.00636279 -0.00233108 0.913337 0.407148
1556456634.73682 86.7063 112.185 1.71838 0.00941193 -0.00426813 0.915236 0.402786
1556456635.83784 87.7348 111.04 1.70494 0.00968346 -0.0026659 0.916058 0.400919
1556456636.83868 87.8201 110.978 1.7137 0.00791216 -0.00202289 0.916115 0.400833
1556456637.8395 87.803 111.009 1.71629 0.00798257 -0.00206498 0.916096 0.400874
1556456638.84046 87.9906 110.951 1.69469 0.00807831 -0.00208636 0.916031 0.401021
1556456639.84127 87.9751 110.972 1.70557 0.00803772 -0.00207397 0.916028 0.401028
1556456640.84211 88.0109 110.92 1.69548 0.00811661 -0.00210528 0.916021 0.401043
1556456641.84299 88.1204 110.787 1.64467 0.00814894 -0.00213409 0.915994 0.401103
1556456642.84384 88.2124 110.713 1.59809 0.00815356 -0.00215475 0.915973 0.401151
1556456643.84474 88.2234 110.689 1.5824 0.0082368 -0.00220068 0.915969 0.401158
1556456644.84559 88.2281 110.676 1.57367 0.00823621 -0.00219377 0.915986 0.40112
1556456645.84644 88.2307 110.671 1.56794 0.00821355 -0.00229193 0.915935 0.401237
1556456646.84742 88.2316 110.668 1.5637 0.00823897 -0.00226139 0.915951 0.4012
1556456647.74812 88.2478 110.648 1.55969 0.00734928 -0.00188254 0.916066 0.400956
1556456648.74903 89.2328 109.526 1.51674 0.00652409 -0.00183329 0.916432 0.400132
1556456649.74977 91.2205 107.308 1.46541 0.00997951 -0.00317681 0.91692 0.398934
1556456650.75066 93.917 104.314 1.37076 0.0139269 -0.00486585 0.91752 0.397416
1556456651.75157 97.1911 100.75 1.23811 0.0151932 -0.000759311 0.920203 0.391146
1556456652.75243 101.131 96.6883 1.06116 0.0216531 0.00335215 0.926032 0.376809
1556456653.75327 105.589 92.3858 0.814627 0.0299506 0.00748278 0.931194 0.363215
1556456654.75416 110.351 87.8456 0.479024 0.0363301 0.0058027 0.92982 0.366171
1556456655.75501 115.092 82.8005 0.0916696 0.0304848 -0.00938847 0.914996 0.4022
1556456656.7559 119.42 77.0973 -0.297196 0.0124243 -0.0307127 0.889824 0.4551
1556456657.75673 122.945 70.542 -0.727775 0.00584091 -0.0554493 0.841935 0.536691
1556456658.75758 124.886 63.0375 -1.26223 -0.00622216 -0.0575443 0.755844 0.652188
1556456659.75846 124.519 54.9829 -1.70511 -0.0250493 -0.0479341 0.653645 0.754866
1556456660.75931 122.007 47.1919 -1.91575 -0.0382089 -0.0287129 0.551722 0.832658
1556456661.76016 117.981 40.375 -1.8361 -0.0441652 -0.0137797 0.480312 0.875877
1556456662.76103 113.296 34.1015 -1.53843 -0.0459125 0.000784059 0.452452 0.890606
1556456663.76192 109.098 28.7465 -1.19038 -0.0268566 0.00297551 0.446148 0.894551
1556456664.76283 105.71 24.6204 -1.01424 -0.0124658 -0.00416683 0.433919 0.900856
1556456665.76368 103.542 22.1301 -0.965168 -0.0112045 -0.00609248 0.429742 0.902862
1556456666.86459 102.564 20.9678 -0.939137 -0.0103927 -0.00389801 0.428519 0.903465
1556456667.76537 102.484 20.7781 -0.921564 -0.011449 -0.0013143 0.428331 0.903548
1556456668.76619 102.301 20.5204 -0.901247 -0.0110511 -0.000802235 0.428059 0.903683
1556456669.76714 101.919 20.0358 -0.875405 -0.0104738 -0.000520662 0.427492 0.903958
1556456670.76799 101.654 19.5544 -0.849086 -0.0102388 -1.29206E-05 0.426977 0.904204
1556456671.76885 101.322 19.0192 -0.812326 -0.010343 0.00067018 0.426343 0.904502
1556456672.76973 100.455 17.944 -0.770151 -0.00916938 0.0030659 0.424007 0.905607
1556456673.77057 98.7056 15.9137 -0.708836 -0.00914247 0.00542608 0.417225 0.908741
1556456674.77136 96.028 12.9698 -0.636148 -0.00687884 0.00066419 0.404481 0.91452
1556456675.77225 92.4309 9.58577 -0.573965 -0.00538865 0.00111547 0.35802 0.933698
1556456676.77315 87.8543 6.31656 -0.531778 -0.01274 -0.0138247 0.296561 0.954829
1556456677.774 82.3419 3.40967 -0.7503 -0.0077716 -0.0257746 0.222355 0.974594
1556456678.77487 76.366 1.37433 -0.767058 0.00728196 0.0279343 0.129891 0.991108
1556456679.77574 70.379 0.489773 -0.396833 -0.00217736 0.0206421 0.0641425 0.997725
1556456680.77662 63.952 0.0780011 -0.145723 -0.00305504 0.0102415 0.0335678 0.999379
1556456681.77749 56.907 -0.185551 -0.0443078 0.00331327 -0.00275815 0.0244933 0.999691
1556456682.77831 49.2081 -0.35659 -0.025451 0.00397784 -0.00453905 0.0184032 0.999812
1556456683.77928 41.1177 -0.412958 -0.0428718 8.38481E-05 -0.00611938 0.0100349 0.999931
1556456684.78006 33.0911 -0.35718 -0.071614 0.0047571 -0.00370842 0.0034073 0.999976
1556456685.78096 25.9946 -0.246558 -0.0618138 0.00684008 -0.00248848 0.0022579 0.999971
1556456686.78179 19.7182 -0.155211 -0.0177785 0.00643745 -0.00355735 0.00528917 0.999959
1556456687.78265 14.6697 -0.0999606 0.0372038 0.00544385 -0.00260271 0.00686552 0.999958
1556456688.78351 10.8487 -0.0605432 0.0918299 0.00884461 -0.00504011 0.00443542 0.999938
1556456689.78442 8.21696 0.00278212 0.137143 0.00683511 -0.0018568 0.00203392 0.999973
1556456690.78524 6.48093 0.0622515 0.192398 0.00430438 -0.00288361 -0.0021946 0.999984
1556456691.7861 5.57874 0.104071 0.237651 0.00277611 -0.00189178 -0.00390818 0.999987
1556456692.78698 5.27643 0.0885403 0.280859 0.00165538 -0.00140911 -0.00436019 0.999988
1556456693.78786 5.29587 0.0642184 0.326376 0.00182059 -0.000799028 -0.00440338 0.999988
1556456694.78872 5.3142 0.0390651 0.369769 0.00180961 -0.000874207 -0.00441684 0.999988
1556456695.78954 5.32148 0.0291374 0.410022 0.00188109 -0.000826256 -0.00441766 0.999988
1556456696.79047 5.32142 0.0247579 0.328313 0.00187576 -0.000871494 -0.00441345 0.999988
1556456697.79126 5.41794 0.0275777 0.0490339 0.00181721 -0.000846542 -0.00439466 0.999988
1556456698.79216 5.51483 0.0430155 -0.173278 0.00185388 -0.000821645 -0.00439423 0.999988
1556456699.79302 5.54673 0.0451919 -0.208616 0.00182392 -0.000794191 -0.0043824 0.999988
1556456700.7939 5.56039 0.0465143 -0.229043 0.00188285 -0.000761326 -0.00438529 0.999988
1556456701.79474 5.56256 0.0452656 -0.244344 0.00184778 -0.000728907 -0.00440989 0.999988
1556456702.79565 5.55795 0.0424972 -0.258232 0.00183495 -0.000710518 -0.00439981 0.999988
1556456703.79643 5.55023 0.0389591 -0.271671 0.00181175 -0.000729846 -0.00441608 0.999988
1556456704.79743 5.54041 0.0355275 -0.285152 0.00186252 -0.00067836 -0.00442251 0.999988
1556456705.79826 5.52933 0.0321933 -0.298863 0.00183754 -0.000633247 -0.00440952 0.999988
1556456706.79913 5.51768 0.0289787 -0.312437 0.00184454 -0.000598907 -0.00441413 0.999988
1556456707.79991 5.50611 0.0257674 -0.325452 0.00188573 -0.000571203 -0.00441837 0.999988
1556456708.80076 5.49499 0.0226169 -0.337745 0.00185789 -0.000560109 -0.00441441 0.999988
1556456709.80165 5.48451 0.0196034 -0.349248 0.00183987 -0.000579785 -0.00440599 0.999988
1556456710.80249 5.47478 0.0167237 -0.359921 0.00183257 -0.000615988 -0.00442772 0.999988
1556456711.80336 5.46571 0.0141495 -0.369879 0.00180251 -0.00060246 -0.00441439 0.999988
1556456712.80429 5.45727 0.0116944 -0.379216 0.00183163 -0.000602918 -0.00441911 0.999988
1556456713.80513 5.44934 0.00936052 -0.387953 0.00181418 -0.000643448 -0.00442168 0.999988
1556456714.80596 5.44193 0.00733021 -0.396096 0.00180039 -0.000621447 -0.00440784 0.999988
1556456715.80684 5.43507 0.00557217 -0.403674 0.00179307 -0.000646124 -0.00440908 0.999988
1556456716.80767 5.42867 0.00401125 -0.410782 0.00181731 -0.000653366 -0.00442099 0.999988
1556456717.80857 5.42264 0.00259681 -0.417515 0.00180648 -0.000653772 -0.00443126 0.999988
1556456718.80944 5.41692 0.00131829 -0.423897 0.0018225 -0.000640653 -0.00441765 0.999988
1556456719.81033 5.4115 0.000168479 -0.429907 0.00178304 -0.000632802 -0.00443275 0.999988
1556456720.81112 5.40638 -0.0008818 -0.435614 0.00184428 -0.000625565 -0.00443034 0.999988
1556456721.81204 5.40147 -0.00189611 -0.441077 0.00183021 -0.000628839 -0.00443915 0.999988
1556456722.81292 5.39675 -0.00285655 -0.446268 0.00181996 -0.000595295 -0.00444 0.999988
1556456723.81379 5.39226 -0.00375207 -0.451194 0.00181809 -0.000602768 -0.00444563 0.999988
1556456724.81462 5.38797 -0.00470689 -0.455797 0.00186041 -0.000615296 -0.00444114 0.999988
1556456725.81545 5.38382 -0.00577816 -0.460109 0.00184937 -0.000593162 -0.00443497 0.999988
1556456726.81634 5.37986 -0.00692267 -0.464146 0.00182423 -0.000615165 -0.0044404 0.999988
1556456727.81723 5.37606 -0.00807166 -0.467981 0.00179651 -0.000612673 -0.00442778 0.999988
1556456728.81813 5.37241 -0.00917627 -0.47165 0.00175626 -0.000605817 -0.0044394 0.999988
1556456729.81894 5.36892 -0.0101917 -0.475111 0.00176166 -0.000606005 -0.00444176 0.999988
1556456730.81984 5.36563 -0.0111103 -0.478327 0.00175792 -0.000640192 -0.00443643 0.999988
1556456731.82068 5.36251 -0.0119292 -0.481357 0.0017926 -0.000638375 -0.00444485 0.999988
1556456732.82151 5.35951 -0.0127101 -0.484265 0.00183616 -0.000659929 -0.00445935 0.999988
1556456733.82245 5.35658 -0.0135195 -0.487067 0.00181792 -0.00069597 -0.00445273 0.999988
1556456734.82328 5.35374 -0.0143634 -0.489728 0.00181134 -0.000686471 -0.00444693 0.999988
1556456735.82415 5.35101 -0.0152257 -0.492267 0.00180089 -0.000653702 -0.00445259 0.999988
1556456736.82505 5.34837 -0.0160715 -0.494693 0.00178869 -0.000663742 -0.00444732 0.999988
1556456737.82587 5.34581 -0.0169169 -0.497006 0.00177523 -0.000664223 -0.00444745 0.999988
1556456738.82674 5.34331 -0.0177163 -0.499159 0.00174479 -0.000676388 -0.00443344 0.999988
1556456739.8276 5.34087 -0.0184614 -0.501167 0.00169887 -0.000637193 -0.00445161 0.999988
1556456740.8285 5.33846 -0.0191728 -0.503058 0.00175022 -0.000693738 -0.00443641 0.999988
1556456741.82932 5.3314 -0.0196827 -0.504867 0.00115275 0.000819218 -0.00482288 0.999987
1556456742.8302 3.83859 -0.00924459 -0.588271 0.00259929 0.00433705 -0.00651862 0.999966
1556456743.73098 1.26154 0.0874311 -0.5823 -0.000330249 0.00276759 -0.00727509 0.99997
1556456744.83187 -2.20036 0.199427 -0.577623 -0.00152383 0.00109984 -0.00402906 0.99999
1556456745.7327 -5.87581 0.259668 -0.571794 -0.00148926 0.00116041 0.00728583 0.999972
1556456746.73361 -9.3852 0.0561049 -0.551747 -0.00832868 0.00222403 0.0698113 0.997523
1556456747.43417 -12.6922 -0.984956 -0.525129 -0.0102592 -0.0054576 0.21933 0.975582
1556456748.63522 -15.3517 -3.27163 -0.521497 -0.0126883 -0.0139471 0.433185 0.901108
1556456749.73616 -16.5639 -6.72948 -0.538538 -0.00935568 -0.00878097 0.644373 0.764604
1556456750.73703 -16.6386 -11.4419 -0.544434 -0.00361675 -0.0071125 0.718202 0.695789
1556456751.83796 -16.5245 -17.2999 -0.545584 -0.00273924 -0.00365625 0.716525 0.697546
1556456752.83884 -16.5526 -24.1091 -0.518444 -0.00148787 -0.0031241 0.705186 0.709014
1556456753.83971 -16.9376 -31.6257 -0.503289 -0.00129433 -0.005425 0.686152 0.727437
1556456754.84058 -17.6845 -39.7083 -0.504071 -0.00219275 -0.00273786 0.678391 0.734693
1556456755.7413 -18.4601 -48.3318 -0.470805 -0.00246538 -0.00410378 0.68203 0.731308
1556456756.74221 -19.1029 -57.2317 -0.436631 -0.0017343 -0.00249381 0.691688 0.72219
1556456757.74307 -19.5424 -66.2468 -0.398181 -0.00336057 -0.00738455 0.697815 0.716232
1556456758.74389 -19.9596 -75.3881 -0.376898 -0.00706025 -0.00741638 0.697766 0.716253
1556456759.74485 -20.3557 -84.6397 -0.334895 -0.00751087 -0.0108355 0.701291 0.712753
1556456760.64557 -20.6131 -93.9523 -0.329388 -0.00242444 -0.00908739 0.706048 0.708102
1556456761.74654 -20.7735 -103.209 -0.292909 -0.00331973 -0.00974368 0.710187 0.703938
1556456762.74741 -20.8552 -112.413 -0.261736 -0.00458835 -0.00616425 0.711 0.70315
1556456763.74824 -20.9447 -121.572 -0.218904 -0.001109 -0.00609654 0.710289 0.703883
1556456764.74911 -21.1199 -130.168 -0.160729 -0.00332618 -0.00608924 0.707025 0.707155
1556456765.75001 -21.3224 -137.463 -0.115605 0.00143215 -0.00460897 0.702524 0.711643
1556456766.8509 -21.696 -143.629 -0.061798 0.00161787 -0.00372242 0.684751 0.728766
1556456767.75167 -22.7041 -148.929 -0.00143272 -0.000652177 -0.00219777 0.609584 0.792718
1556456768.75288 -24.9194 -153.307 0.0776522 -0.00134114 0.000524358 0.483127 0.875549
1556456769.75344 -28.4756 -156.571 0.163002 -0.00301643 -0.00486193 0.294759 0.955555
