1584175538.47938 0.00053182 -0.00370205 -0.00691087 2.50005E-05 4.10734E-05 -2.61281E-05 1
1584175539.48028 0.00100385 -0.00469308 -0.010752 4.22595E-06 7.46609E-05 4.00714E-05 1
1584175540.48113 0.00198931 -0.00520257 -0.0148364 -4.0756E-05 0.000132699 -3.24924E-06 1
1584175541.48198 0.00309835 -0.00554501 -0.0187976 -3.54988E-05 0.000121727 2.88822E-05 1
1584175542.48286 0.00419247 -0.00579351 -0.0223646 1.20183E-05 8.52229E-05 9.94462E-06 1
1584175543.48368 0.00526278 -0.00604618 -0.0254785 2.36647E-05 8.6701E-05 1.25726E-05 1
1584175544.48457 0.00619602 -0.00623063 -0.0282918 -6.01436E-06 7.50854E-05 6.85719E-06 1
1584175545.48542 0.00701335 -0.00634913 -0.0307909 -5.87892E-06 7.39912E-05 2.0618E-05 1
1584175546.48628 0.00552804 -0.0124011 -0.103569 1.76748E-05 5.09156E-05 3.09611E-05 1
1584175547.4872 -0.0228507 -0.0207856 -0.191016 5.64339E-05 1.99127E-05 2.80591E-05 1
1584175548.48802 -0.0384545 -0.0255648 -0.234619 7.93582E-06 2.90231E-05 2.59519E-05 1
1584175549.48888 -0.0435378 -0.0273624 -0.248024 6.14738E-05 2.0094E-05 3.23746E-05 1
1584175550.48976 -0.0479686 -0.0288644 -0.258557 1.19244E-05 2.19191E-05 2.9479E-05 1
1584175551.49058 -0.0514044 -0.0299707 -0.266967 3.18438E-05 -1.4157E-06 2.86694E-05 1
1584175552.49144 -0.0539136 -0.0281005 -0.273353 -0.000473438 0.000152537 6.36266E-05 1
1584175553.49234 -0.0807777 0.156683 -0.342395 -0.000247129 0.00110185 0.00507548 0.999986
1584175554.49324 -0.151938 0.537425 -0.424043 0.00081352 -0.0018439 -0.0366416 -0.999326
1584175555.49404 -0.32408 0.989528 -0.564917 0.000345471 0.00270463 -0.0853535 -0.996347
1584175556.49496 -0.403509 0.971848 -0.834921 -0.000480822 0.000268897 -0.0859914 -0.996296
1584175557.4958 -0.449339 0.960745 -0.952577 -0.000643666 0.000372525 -0.0861205 -0.996284
1584175558.4967 -0.507433 1.03005 -1.05592 -0.00111813 0.00025426 -0.091101 -0.995841
1584175559.49754 -0.636168 1.34097 -1.14817 -0.00234411 -0.00309521 -0.123611 -0.992323
1584175560.4984 -1.17142 2.47197 -1.21027 -0.00416193 -0.00104254 -0.207597 -0.978205
1584175561.49922 -1.85237 4.44764 -1.24394 -0.00391667 -0.00391888 -0.15069 -0.988566
1584175562.5001 -2.75086 6.72313 -1.17044 -0.00188206 -0.0053499 -0.0892278 -0.995995
1584175563.60111 -3.18229 10.1545 -1.11578 0.00384254 -0.00335502 -0.061996 -0.998063
1584175564.6019 -3.50321 14.3227 -1.09766 0.0037993 -0.00382596 -0.0409511 -0.999147
1584175565.60275 -3.63556 19.0334 -1.0702 -0.00663491 0.0060562 0.0223429 0.99971
1584175566.60363 -3.69657 23.9468 -1.06401 -0.00689348 0.00240276 0.0140821 0.999874
1584175567.60452 -3.64011 28.618 -1.04397 -0.00863866 0.00611948 0.0085626 0.999907
1584175568.60538 -3.60749 32.9594 -1.01901 -0.0077043 0.00225449 0.0123144 0.999892
1584175569.60627 -3.65387 37.1357 -1.01043 -0.00867772 -0.00269265 0.0202356 0.999754
1584175570.6071 -3.71296 41.1998 -1.00461 -0.010472 -0.00330852 0.0222209 0.999693
1584175571.60798 -3.74969 45.1626 -0.974027 -0.00577121 -0.00299513 0.0145367 0.999873
1584175572.60881 -3.79573 49.4274 -0.980682 -0.00884471 -0.0046682 0.013153 0.999863
1584175573.60969 -3.80709 54.1709 -0.966116 -0.00997239 -0.00534312 0.0148609 0.999826
1584175574.61057 -3.82009 58.9818 -0.937216 -0.00869906 -0.00168229 0.0176653 0.999805
1584175575.61143 -3.81698 63.6167 -0.908668 -0.00807848 -0.00256408 0.0137392 0.99987
1584175576.61229 -3.82215 67.9619 -0.867515 -0.00957355 -0.00904926 0.0105956 0.999857
1584175577.61319 -3.72481 72.433 -0.814994 -0.00786812 -0.0036161 0.00022914 0.999962
1584175578.61399 -3.53222 77.264 -0.751193 -0.00824341 -0.00057136 -0.00769264 0.999936
1584175579.61485 -3.3414 82.3442 -0.729086 -0.0107907 0.00717918 0.00270742 0.999912
1584175580.61574 -3.2858 87.5804 -0.682461 -0.00934933 0.00347406 0.00980463 0.999902
1584175581.61665 -3.11118 92.9683 -0.642493 -0.00962827 0.00518073 -0.00250168 0.999937
1584175582.61741 -2.90753 98.4455 -0.717656 -0.0120212 0.00733102 -0.00618679 0.999882
1584175583.6183 -2.69435 104.145 -0.720518 -0.014609 0.0114331 -0.00114581 0.999827
1584175584.61917 -2.52428 110.012 -0.739435 -0.0135536 0.0132357 0.003864 0.999813
1584175585.62007 -2.40664 115.918 -0.735922 -0.0126745 0.0136111 0.00788135 0.999796
1584175586.62099 -2.33121 121.821 -0.740761 -0.0156111 0.0156203 0.00964897 0.99971
1584175587.62183 -2.2631 127.649 -0.741677 -0.0177925 0.0201255 0.00971406 0.999592
1584175588.62263 -2.18931 133.289 -0.738033 -0.0145689 0.0165806 0.00860655 0.999719
1584175589.62351 -2.13909 138.726 -0.720107 -0.0147487 0.0131973 0.0100632 0.999753
1584175590.62438 -2.07077 143.94 -0.720775 -0.0148316 0.0112887 0.00747314 0.999798
1584175591.62523 -1.96265 148.842 -0.699571 -0.0198057 0.0128603 0.00301422 0.999717
1584175592.62614 -1.73324 152.892 -0.830062 -0.0163238 0.0148345 -0.0245247 0.999456
1584175593.62697 -1.1707 156.159 -0.829504 -0.0147703 0.0125665 -0.104769 0.994307
1584175594.52769 0.0229676 158.632 -0.792236 -0.0100104 0.00787626 -0.267689 0.963421
1584175595.62873 1.70336 160.195 -0.731432 0.00229154 -0.0012468 -0.431492 0.902113
1584175596.62957 4.22092 161.32 -0.574715 0.0056344 -0.00793367 -0.580862 0.813944
1584175597.63044 7.61211 161.897 -0.357592 0.0112338 -0.010107 -0.661136 0.750114
1584175598.63123 11.4417 162.042 -0.10282 0.018752 0.00288274 -0.691697 0.721939
1584175599.63216 15.569 162.1 0.135612 0.0118274 0.00139959 -0.697713 0.716278
1584175600.63301 20.0363 162.087 0.368544 0.0141902 -0.000528512 -0.700244 0.713762
1584175601.63384 24.7279 162.102 0.625385 0.0167417 -0.000994077 -0.692462 0.72126
1584175602.63471 29.6475 162.148 0.87962 0.0158017 0.00165673 -0.688972 0.724614
1584175603.63559 34.8615 162.273 1.18157 0.0104059 -0.00443222 -0.690933 0.72283
1584175604.63651 40.3177 162.339 1.49027 0.00727446 -0.00560093 -0.694255 0.71967
1584175605.63738 45.9579 162.355 1.77578 0.00674595 -0.00437627 -0.698808 0.715265
1584175606.63819 51.4633 162.297 2.01926 0.00879955 0.000110412 -0.70124 0.712871
1584175607.63909 56.6338 162.189 2.25384 0.0154891 0.00517255 -0.698772 0.715158
1584175608.63991 61.8404 162.169 2.46404 0.0116161 0.0128121 -0.698518 0.715383
1584175609.64081 67.0708 162.201 2.68357 0.0193894 0.00276432 -0.698168 0.715666
1584175610.64163 72.1379 162.201 2.92717 0.0117842 0.00113279 -0.698981 0.715042
1584175611.64253 77.134 162.16 3.11831 0.00743631 -0.000743815 -0.701381 0.712747
1584175612.6434 81.9537 162.132 3.25696 0.00415817 0.00244308 -0.702197 0.711966
1584175613.64417 86.8694 162.042 3.45732 0.00873163 0.00565237 -0.70379 0.710332
1584175614.545 91.7579 161.984 3.62964 0.0109275 -0.000573801 -0.702222 0.711873
1584175615.54586 96.4991 161.908 3.88803 0.0184688 0.00192515 -0.700919 0.712999
1584175616.64681 100.991 161.877 4.11664 0.0201888 0.00566084 -0.695008 0.718696
1584175617.54759 105.24 161.908 4.34896 0.0156136 0.00299869 -0.691976 0.721746
1584175618.64855 109.281 161.995 4.53805 0.0136448 0.00208527 -0.690648 0.723059
1584175619.64943 113.041 162.067 4.7184 0.0150506 -0.00209664 -0.686797 0.72669
1584175620.65021 116.406 162.125 4.89465 0.0112361 0.00347101 -0.689357 0.724326
1584175621.65116 119.354 162.021 5.01675 0.0133479 0.00298402 -0.725349 0.688246
1584175622.65203 121.85 161.525 4.92994 0.0121293 0.0066037 -0.791144 0.611474
1584175623.65287 123.884 160.525 4.95928 0.0116912 0.00792233 -0.868738 0.495071
1584175624.65374 125.346 159.109 5.04461 0.017226 -0.00180982 -0.929598 0.368168
1584175625.65461 126.426 157.515 5.13554 0.0157747 0.0017986 -0.96699 0.254318
1584175626.55536 127.101 155.664 5.19574 0.00982198 0.00820541 -0.98943 0.144446
1584175627.65628 127.404 153.534 5.23906 0.00663508 0.0047727 -0.997777 0.0661314
1584175628.55709 127.562 151.128 5.29371 0.00889286 0.0083636 -0.999411 0.0320798
1584175629.65807 127.694 148.413 5.32776 0.00670737 0.00476719 -0.999567 0.0282553
1584175630.55886 127.814 144.935 5.39262 0.00118724 0.00809798 -0.999647 0.0252637
1584175631.65977 127.852 140.991 5.45685 0.00524625 0.00927186 -0.999839 0.0144296
1584175632.56052 127.837 136.994 5.51419 0.00535522 0.0105996 -0.999867 0.011216
1584175633.56142 127.791 132.713 5.59968 0.00489163 0.00904392 -0.999911 0.00853398
1584175634.56224 127.711 128.254 5.65763 0.000375239 0.00718261 -0.999974 0.000927842
1584175635.66317 127.513 123.489 5.75972 0.00330017 0.00945574 -0.999934 -0.00570793
1584175636.66411 127.324 118.827 5.84545 0.00311813 0.0105116 -0.999927 -0.00499428
1584175637.56484 127.24 114.48 5.7481 0.00385619 0.0108865 -0.999932 -0.00181793
1584175638.56572 127.136 110.496 5.784 0.00538946 0.00889316 -0.999883 0.0112508
1584175639.66668 127.179 106.864 5.79193 0.00321556 0.00825731 -0.999665 0.0243229
1584175640.56749 127.284 102.936 5.81917 0.00123121 0.00586275 -0.999643 0.0260499
1584175641.56831 127.528 98.3678 5.72893 -0.000627422 0.00841637 -0.999599 0.0270149
1584175642.56919 127.751 93.5673 5.67392 0.0014773 0.00875746 -0.99968 0.0236849
1584175643.57005 127.816 88.9505 5.73291 -0.00409917 0.00993914 -0.999847 0.0137707
1584175644.67105 127.764 84.3994 5.79063 0.00061725 0.00977404 -0.999947 0.00316904
1584175645.67186 127.549 79.8272 5.75564 0.00388052 0.01326 -0.999886 -0.00613036
1584175646.57268 127.361 75.0916 5.66011 0.0035958 0.0139253 -0.999816 -0.0127308
1584175647.57349 127.376 70.2226 5.50367 0.00713817 0.0157293 -0.999803 0.00973982
1584175648.57433 127.423 65.2428 5.43638 0.007287 0.00974487 -0.999524 0.0283456
1584175649.57517 127.54 60.1284 5.34854 0.00583521 0.0120464 -0.999546 0.0269766
1584175650.57607 127.656 54.8159 5.37695 0.00329883 0.0134233 -0.999586 0.0252426
1584175651.57696 127.735 49.3878 5.36216 0.00279962 0.0135741 -0.999725 0.0189311
1584175652.57781 127.761 43.8341 5.37267 0.00252728 0.0167497 -0.999742 0.0151009
1584175653.57866 127.794 38.1531 5.34851 0.000689294 0.0128071 -0.999828 0.0134027
1584175654.57955 127.822 32.3507 5.37673 0.00169187 0.0143337 -0.999816 0.0126585
1584175655.58049 127.723 26.1953 5.36595 5.84202E-05 0.0118199 -0.999929 0.00127974
1584175656.58127 127.356 19.7153 5.35892 0.0171899 0.0132562 -0.999562 -0.0201363
1584175657.58214 126.918 13.1262 5.11232 0.0260123 0.0147008 -0.998974 -0.0340388
1584175658.58296 126.372 6.71413 5.02613 0.0254812 0.0131533 -0.999221 -0.0271233
1584175659.58386 126.03 0.505969 5.02303 0.0249729 0.0117894 -0.999604 -0.00543973
1584175660.58469 125.86 -5.1787 4.96995 0.0277787 0.0127004 -0.999533 -0.00125818
1584175661.58557 125.733 -8.88168 4.96504 0.0195262 0.00675346 -0.999676 -0.0148537
1584175662.58644 125.537 -11.044 4.93938 0.0114331 0.00731003 -0.998189 -0.0586019
1584175663.58733 124.961 -12.6503 4.93833 0.0134624 0.00653304 -0.977919 -0.20845
1584175664.58813 123.664 -13.937 4.71442 0.0205639 0.00439368 -0.904014 -0.426984
1584175665.58903 121.364 -14.7673 4.43449 0.0269557 -0.00178268 -0.791625 -0.61041
1584175666.5899 118.278 -15.1417 4.17262 0.0256883 0.0102988 -0.720835 -0.692554
1584175667.59071 113.644 -15.316 4.1561 0.0281842 0.0146244 -0.71263 -0.700821
1584175668.59165 108.171 -15.323 4.10605 0.0263701 0.0174147 -0.712371 -0.701091
1584175669.59248 101.838 -15.3261 3.96137 0.0318361 0.0155108 -0.716985 -0.696189
1584175670.59336 94.9097 -15.355 3.75629 0.0290416 0.0105521 -0.716712 -0.696685
1584175671.59423 87.457 -15.3969 3.60255 0.0298017 0.0157787 -0.716481 -0.696791
1584175672.59511 79.66 -15.3614 3.34022 0.0323559 0.0168633 -0.716427 -0.696707
1584175673.5959 71.6128 -15.3756 3.02978 0.033199 0.0146913 -0.715787 -0.697375
1584175674.59684 63.1558 -15.405 2.64401 0.0302112 0.0138931 -0.71604 -0.697267
1584175675.59769 54.342 -15.4744 2.30186 0.0334965 0.01584 -0.716635 -0.696464
1584175676.5985 45.301 -15.5492 1.87972 0.0317695 0.0177318 -0.716535 -0.696602
1584175677.59942 36.2997 -15.6021 1.44824 0.0264593 0.0164038 -0.714019 -0.699433
1584175678.60021 27.6917 -15.5392 1.15881 0.0319645 0.0122178 -0.710318 -0.703048
1584175679.60112 19.695 -15.435 0.847183 0.031568 0.0145722 -0.708823 -0.704529
1584175680.60198 12.5948 -15.371 0.555708 0.0313318 0.0152329 -0.71219 -0.701122
1584175681.60282 6.82094 -15.2043 0.135054 0.0324 0.0185063 -0.708345 -0.704879
1584175682.60368 2.84239 -14.6419 -0.193724 0.0315758 0.017238 -0.641152 -0.76657
1584175683.60456 -0.0542819 -13.4674 -0.291163 0.0290276 0.0184626 -0.492455 -0.869658
1584175684.60542 -2.23382 -11.3879 -0.338966 0.0225482 0.026834 -0.291466 -0.955939
1584175685.60628 -3.04653 -8.903 -0.318527 0.011476 0.0196138 -0.0741812 -0.996986
1584175686.60724 -2.89793 -6.4726 -0.22981 0.00152233 -0.00827698 -0.0695818 0.997541
1584175687.60803 -2.38915 -3.24435 -0.238836 0.000287268 -0.00300038 -0.0728715 0.997337
1584175688.60888 -2.01537 0.742678 -0.321109 0.00143075 0.00633953 0.0056511 0.999963
1584175689.60975 -2.43092 5.25649 -0.0432199 -0.00395902 -0.0108109 -0.0709482 -0.997414
1584175690.6106 -3.12619 10.2801 0.349172 0.00552555 -0.0115391 -0.0785181 -0.996831
1584175691.61149 -3.65656 15.4858 0.555212 0.00755807 -0.0098947 -0.0463913 -0.998846
1584175692.61232 -3.66618 20.927 0.513793 -0.0078454 0.00900254 0.00591239 0.999911
1584175693.6132 -3.48267 26.4918 0.53931 -0.00878779 0.012367 -0.00611034 0.999866
1584175694.61403 -3.21926 32.2048 0.513048 -0.00734461 0.0109732 -0.00344293 0.999907
1584175695.6149 -3.05583 38.0903 0.525375 -0.00534887 0.00863376 0.00706183 0.999923
1584175696.6158 -2.97409 44.1499 0.46278 -0.00761036 0.00817414 0.0145497 0.999832
1584175697.61665 -2.99115 50.1584 0.315024 -0.00965708 0.00716531 0.0220874 0.999684
1584175698.61754 -3.09018 55.9106 0.376009 -0.00983439 0.00825625 0.0248866 0.999608
1584175699.61837 -3.2189 61.3856 0.40648 -0.00918433 0.00532172 0.0247707 0.999637
1584175700.61922 -3.32497 66.4966 0.579813 -0.00910929 -0.00285968 0.019166 0.999771
1584175701.62013 -3.19954 71.3347 0.630276 -0.00946218 0.00289024 -0.0107099 0.999894
1584175702.62097 -2.89454 76.3199 0.434497 -0.00710174 0.00948113 -0.0217424 0.999693
1584175703.62184 -2.54528 81.5702 0.507491 -0.0109778 0.0153567 -0.0190624 0.99964
1584175704.62269 -2.20711 87.0767 0.567794 -0.00850051 0.0164486 -0.0129386 0.999745
1584175705.62356 -2.00669 92.8256 0.645813 -0.00866574 0.0165275 -0.000519806 0.999826
1584175706.6244 -1.90186 98.8023 0.585008 -0.0118882 0.0154168 0.0103814 0.999757
1584175707.62529 -1.88053 105.045 0.447747 -0.0140517 0.0172689 0.0174649 0.9996
1584175708.62617 -1.92543 111.577 0.466484 -0.0141807 0.0152771 0.0166384 0.999644
1584175709.62701 -1.93489 118.296 0.403769 -0.0164432 0.015785 0.0122253 0.999665
1584175710.62789 -1.92342 125.157 0.342487 -0.0147606 0.0165351 0.0128304 0.999672
1584175711.62877 -1.9196 131.9 0.314339 -0.0158221 0.0178401 0.0109723 0.999655
1584175712.62958 -1.89736 138.47 0.299548 -0.0146179 0.0129203 0.0096255 0.999763
1584175713.63044 -1.85704 144.822 0.248545 -0.0160334 0.0105843 0.00814501 0.999782
1584175714.63135 -1.76501 150.576 0.267935 -0.0162614 0.0128266 0.000804474 0.999785
1584175715.63222 -1.25262 155.533 0.154429 -0.0201246 0.01277 -0.0785622 0.996624
1584175716.6331 0.477865 159.529 0.136179 -0.0109999 -0.000268007 -0.285209 0.958402
1584175717.63391 3.26347 161.696 0.268408 -0.00660252 -0.0112708 -0.520499 0.853763
1584175718.63476 6.33996 162.27 0.449307 0.00419931 -0.0155127 -0.674311 0.738273
1584175719.63606 9.8243 162.273 0.756601 0.0123675 -0.00798385 -0.710009 0.704039
1584175720.63659 13.9125 162.039 0.911359 0.0164364 0.00267918 -0.720526 0.693228
1584175721.63752 18.3946 161.726 1.12203 0.0140845 0.00248527 -0.727924 0.685508
1584175722.63827 22.9498 161.346 1.30899 0.0168969 0.00891386 -0.730689 0.682444
1584175723.63912 27.5148 160.859 1.55365 0.0176272 0.0102526 -0.736125 0.676538
1584175724.63994 31.9773 160.404 1.75953 0.0201656 0.00649412 -0.728548 0.684667
1584175725.64085 36.3432 160.186 1.95925 0.0158222 -0.00342523 -0.7098 0.704217
1584175726.64173 40.6577 160.043 2.17245 0.0127651 0.000866732 -0.701956 0.712105
1584175727.64255 45.1898 160.147 2.31934 0.0139966 0.00117294 -0.686597 0.726903
1584175728.6434 50.069 160.34 2.48007 0.00897545 -0.000878351 -0.677704 0.735279
1584175729.64429 55.3893 160.552 2.6321 0.0120849 0.0125109 -0.678808 0.73411
1584175730.64517 61.1626 160.852 2.83885 0.0131903 0.0114391 -0.68249 0.730687
1584175731.64603 67.2422 161.109 2.9498 0.0231192 0.00345803 -0.685145 0.728031
1584175732.64685 73.3272 161.31 3.26491 0.0145105 0.00361903 -0.686694 0.726793
1584175733.64773 79.1563 161.477 3.50907 0.00606757 0.00015493 -0.692503 0.72139
1584175734.64858 85.183 161.477 3.68529 0.015287 0.00330951 -0.69876 0.715185
1584175735.64947 91.3276 161.436 3.89465 0.0112057 0.00480138 -0.703637 0.710455
1584175736.6503 97.0164 161.317 4.19884 0.0200412 0.00347884 -0.707073 0.706848
1584175737.65115 102.154 161.209 4.38303 0.0151384 0.00889017 -0.709134 0.704855
1584175738.65206 107.093 161.079 4.58061 0.0169468 0.00226841 -0.708837 0.705165
1584175739.65291 111.627 160.96 4.75505 0.0140704 0.00243902 -0.705707 0.70836
1584175740.6538 115.552 160.902 4.88557 0.0127863 -0.00280368 -0.702249 0.711811
1584175741.65465 119.002 160.829 4.99796 0.0140641 0.00390363 -0.703672 0.710375
1584175742.55543 121.525 160.682 5.05489 0.00852998 0.00377323 -0.735871 0.677057
1584175743.6563 123.29 160.128 5.12661 0.0144938 0.00737569 -0.821272 0.570305
1584175744.65718 124.752 159.191 5.08569 0.0177103 0.00119012 -0.888119 0.45927
1584175745.65811 126.051 157.824 5.17613 0.0142535 -0.00525671 -0.944084 0.329356
1584175746.65896 127.102 155.303 5.21233 0.0112465 0.00501995 -0.989421 0.144551
1584175747.65981 127.481 151.904 5.45407 0.0113853 0.00708494 -0.998851 0.0460012
1584175748.66067 127.612 148.678 5.45374 0.0112537 0.00697543 -0.999229 0.0369657
1584175749.66153 127.812 145.749 5.47754 0.0061636 0.00849783 -0.99923 0.0378041
1584175750.66246 127.891 142.362 5.49463 0.00508809 0.00647381 -0.999739 0.0213244
1584175751.66326 127.853 138.363 5.53063 0.00445407 0.00887613 -0.99992 0.00789624
1584175752.66413 127.716 133.734 5.56484 0.0081046 0.00556206 -0.999944 0.00396442
1584175753.66503 127.6 128.952 5.61095 0.00376846 0.00904652 -0.999919 0.00815564
1584175754.5658 127.548 123.927 5.66051 0.0004136 0.00906135 -0.999881 0.0125057
1584175755.56663 127.535 118.834 5.71197 -0.00261471 0.0090233 -0.999859 0.0138847
1584175756.56747 127.531 113.621 5.77775 -0.00274769 0.00792959 -0.999905 0.010966
1584175757.66848 127.482 108.325 5.7862 -0.00043705 0.0100548 -0.999947 -0.00204443
1584175758.56921 127.441 103.307 5.70557 0.00253319 0.00789925 -0.99996 -0.00330929
1584175759.57009 127.49 98.605 5.64118 0.00233305 0.00928641 -0.999928 0.0072901
1584175760.57097 127.453 94.1387 5.6662 0.0019904 0.00733752 -0.999885 0.0131154
1584175761.57181 127.452 89.7047 5.68759 0.00205876 0.0116186 -0.999799 0.0161909
1584175762.5727 127.468 85.2989 5.74251 0.00534178 0.00871196 -0.999886 0.011154
1584175763.57357 127.499 80.8492 5.80041 0.000801343 0.0121486 -0.999915 0.00469087
1584175764.57443 127.419 76.6014 5.83262 0.00122987 0.0138009 -0.999886 -0.00607853
1584175765.57521 127.287 72.4604 5.76041 0.00663108 0.0126517 -0.999846 -0.0102388
1584175766.67623 127.269 68.1726 5.7652 0.00731069 0.014175 -0.999713 0.0178682
1584175767.57698 127.329 63.72 5.69531 0.004328 0.0118777 -0.999546 0.0273456
1584175768.57787 127.427 59.3384 5.68889 0.00291728 0.0131565 -0.999591 0.0252177
1584175769.57881 127.524 55.1712 5.7029 0.000590116 0.0137882 -0.999582 0.0254045
1584175770.57961 127.599 51.3227 5.68309 -0.0017932 0.0137825 -0.999746 0.0177429
1584175771.68053 127.628 47.5364 5.66783 0.0018988 0.0115948 -0.999802 0.0160418
1584175772.5813 127.706 43.3098 5.66151 0.003011 0.015451 -0.999704 0.0185646
1584175773.58221 127.772 38.6018 5.63808 -0.000984346 0.0105457 -0.999846 0.0139921
1584175774.58304 127.695 33.7477 5.6144 0.00050207 0.0144936 -0.999882 0.00504612
1584175775.5839 127.625 29.0889 5.6541 -0.00410355 0.0126876 -0.999909 0.00219612
1584175776.58478 127.441 24.4804 5.64898 0.00401181 0.012586 -0.999831 -0.0127588
1584175777.58564 127.134 19.7388 5.54105 0.0189495 0.0144459 -0.999218 -0.0315377
1584175778.58649 126.705 15.1669 5.59602 0.0251383 0.0140827 -0.998475 -0.047091
1584175779.58733 126.264 11.0743 5.70183 0.0280863 0.0136922 -0.998773 -0.0384101
1584175780.58822 126.031 7.63836 5.56936 0.0254096 0.0132576 -0.999301 -0.024012
1584175781.58911 125.905 4.7268 5.48124 0.0238823 0.0100706 -0.99956 -0.0144431
1584175782.58994 125.836 2.17981 5.47173 0.0202424 0.0105638 -0.999714 -0.00704162
1584175783.59082 125.8 0.148978 5.47041 0.0223314 0.0155019 -0.999628 -0.00218855
1584175784.59173 125.821 -0.808803 5.44769 0.0222078 0.0157411 -0.999628 -0.00160471
1584175785.59255 125.861 -1.00403 5.38488 0.0226266 0.0152016 -0.999627 -0.00147224
1584175786.5934 125.89 -1.25033 5.39308 0.0224852 0.0126382 -0.999666 -0.00164494
1584175787.59424 125.851 -2.63771 5.34487 0.0263676 0.0100993 -0.9996 -0.00161919
1584175788.59511 125.864 -4.60085 5.35818 0.0276939 0.0112281 -0.999552 -0.00145936
1584175789.59599 125.831 -6.47102 5.2988 0.024957 0.013534 -0.999595 -0.0019817
1584175790.59684 125.854 -7.70322 5.24958 0.0262576 0.0101073 -0.9996 -0.00277722
1584175791.59772 125.852 -8.98162 5.19637 0.0207281 0.00483268 -0.999758 -0.00557252
1584175792.59858 125.654 -10.2592 5.18872 0.0178149 0.00310388 -0.999626 -0.0204954
1584175793.59955 125.59 -11.5546 5.42559 0.0125283 0.00711056 -0.996784 -0.0788296
1584175794.60029 125.179 -12.8824 5.37244 0.0140471 0.0051465 -0.976698 -0.214095
1584175795.60121 124.121 -14.0946 5.3081 0.0206783 0.00612805 -0.918074 -0.395822
1584175796.60202 122.664 -14.8875 4.97609 0.0256813 0.000140497 -0.834683 -0.550132
1584175797.6029 121.054 -15.3129 4.77154 0.0247037 0.00751621 -0.75381 -0.656585
1584175798.60378 119.04 -15.516 4.51013 0.0259525 0.0112935 -0.718205 -0.695256
1584175799.60461 116.842 -15.5813 4.36917 0.0264393 0.0109222 -0.712717 -0.700868
1584175800.60548 114.453 -15.5855 4.40023 0.0277854 0.0150239 -0.712916 -0.700537
1584175801.6064 111.314 -15.573 4.31083 0.0290069 0.0148376 -0.714874 -0.698494
1584175802.60718 107.871 -15.6267 4.16819 0.0274086 0.0161041 -0.716312 -0.697056
1584175803.60811 104.113 -15.6531 4.11757 0.0288921 0.0183046 -0.71765 -0.695563
1584175804.60897 100.021 -15.6576 4.01843 0.0312574 0.0143934 -0.714705 -0.698579
1584175805.60981 95.5729 -15.6264 3.87351 0.0299106 0.0101805 -0.714182 -0.699246
1584175806.61063 90.6244 -15.6393 3.65741 0.0303115 0.0148502 -0.71493 -0.698381
1584175807.61154 85.2265 -15.6662 3.44861 0.0302323 0.0170646 -0.713415 -0.699881
1584175808.6124 79.6424 -15.6179 3.26596 0.0322002 0.0148985 -0.712232 -0.701047
1584175809.61321 73.9401 -15.6246 3.0405 0.0325995 0.0136719 -0.713711 -0.699547
1584175810.61413 68.0315 -15.6765 2.75788 0.0326849 0.0179896 -0.715129 -0.697996
1584175811.61495 62.2593 -15.7221 2.48582 0.0302234 0.0138891 -0.714745 -0.698593
1584175812.61584 56.8437 -15.7633 2.25205 0.0340374 0.0171853 -0.714357 -0.698742
1584175813.61673 52.0803 -15.8024 1.98925 0.036859 0.0191595 -0.714205 -0.698703
1584175814.61758 47.7053 -15.8346 1.69354 0.0332576 0.0182852 -0.713642 -0.699482
1584175815.61847 43.248 -15.8223 1.37488 0.0297825 0.0157165 -0.713492 -0.699854
1584175816.61927 38.3267 -15.8446 1.11255 0.0301755 0.0183648 -0.713861 -0.699396
1584175817.62017 32.634 -15.8 0.901792 0.0287299 0.010418 -0.714286 -0.699187
1584175818.62104 26.4402 -15.7819 0.615431 0.0341644 0.0128872 -0.713993 -0.6992
1584175819.62186 20.1296 -15.7805 0.243146 0.0321329 0.0151593 -0.712928 -0.700336
1584175820.62273 14.144 -15.748 -0.158913 0.0325332 0.0145878 -0.712093 -0.70118
1584175821.62361 8.95377 -15.7954 -0.311362 0.0325821 0.0154679 -0.711645 -0.701613
1584175822.62447 4.93692 -15.6406 -0.606664 0.0295962 0.0162211 -0.697374 -0.715912
1584175823.62534 1.49838 -14.9864 -0.824317 0.0228172 0.021914 -0.604866 -0.795698
1584175824.62621 -1.18465 -13.467 -0.970559 0.0275153 0.0290013 -0.427244 -0.903252
1584175825.62709 -2.82447 -11.2289 -1.04786 0.0178731 0.0230334 -0.205247 -0.978276
1584175826.62799 -3.31259 -8.13289 -1.16124 -0.00250184 -0.0109588 0.0134899 0.999846
1584175827.62878 -3.17534 -4.22915 -1.14478 0.000760881 -0.00162492 -0.0308849 0.999521
1584175828.62967 -2.64306 -0.0735713 -1.20909 -0.00110209 0.0064437 -0.0709153 0.997461
1584175829.63055 -2.00241 2.9151 -1.15271 -0.00337857 0.011245 -0.102688 0.994644
1584175830.63135 -1.56254 4.78457 -1.0616 -0.00108942 0.0178454 -0.0966743 0.995155
1584175831.63229 -1.26732 6.25844 -0.915854 -0.00390991 0.0201761 -0.0823513 0.996391
1584175832.63306 -1.1249 7.51544 -0.604731 -0.00661317 0.0232951 -0.0475318 0.998576
1584175833.634 -1.17176 8.54475 -0.367119 -0.00536453 0.023864 0.00403428 0.999693
1584175834.63484 -1.24488 8.90767 -0.152956 -0.00470806 0.0217417 0.0232817 0.999481
1584175835.63568 -1.19134 8.89879 -0.076057 -0.0041402 0.0221923 0.0233274 0.999473
