1 0 0 0 0 1 0 0 -0 0 1 0
0.999991 0.00227719 -0.00352433 0.964161 -0.00227592 0.999997 0.000364003 0.0136349 0.00352515 -0.000355979 0.999994 0.0996021
0.999986 0.00283871 -0.00449112 1.91193 -0.00284282 0.999996 -0.000907346 -0.00998812 0.00448852 0.000920101 0.99999 0.113119
0.999994 0.00303774 -0.00192478 2.88097 -0.00303933 0.999995 -0.000825876 -3.97279e-05 0.00192226 0.00083172 0.999998 0.116496
0.999994 0.00242778 0.00264478 3.83552 -0.00241826 0.999991 -0.00359554 -0.0245529 -0.00265349 0.00358912 0.99999 0.111358
0.999994 0.00101279 0.00328378 4.7858 -0.000997307 0.999988 -0.004713 -0.0276885 -0.00328851 0.0047097 0.999984 0.141648
1 0.000109104 0.000325511 5.70965 -0.000107393 0.999986 -0.00525155 -0.00521829 -0.00032608 0.00525151 0.999986 0.146385
0.999996 -0.000574972 -0.00262405 6.62873 0.000561604 0.999987 -0.00509228 -0.000699103 0.00262695 0.00509079 0.999984 0.154738
0.999993 -0.00138255 -0.00334621 7.53847 0.00135836 0.999973 -0.00722241 -0.00359611 0.00335611 0.00721782 0.999968 0.168525
0.999996 -0.00219092 -0.00201229 8.46491 0.00217857 0.999979 -0.00611681 -0.00136413 0.00202565 0.0061124 0.999979 0.178272
0.999994 -0.00337696 0.00107094 9.38562 0.00338512 0.999965 -0.00771592 0.0145457 -0.00104485 0.0077195 0.99997 0.182249
0.999989 -0.00406073 0.00243664 10.288 0.00407827 0.999966 -0.00723483 0.0219721 -0.00240717 0.00724469 0.999971 0.196325
0.999983 -0.00494396 0.00315066 11.2194 0.00497146 0.999949 -0.0087805 0.0240809 -0.00310709 0.00879601 0.999956 0.208748
0.999979 -0.00554331 0.00325041 12.1195 0.00557126 0.999947 -0.00865279 0.00642297 -0.00320228 0.00867072 0.999957 0.213818
0.999977 -0.00631714 0.00238454 13.0132 0.00634048 0.999931 -0.00991052 0.0579684 -0.00232176 0.00992542 0.999948 0.210004
0.999972 -0.00748167 -2.53894e-06 13.9393 0.0074813 0.999926 -0.00961433 0.0411777 7.447e-05 0.00961404 0.999954 0.227131
0.999955 -0.00934375 -0.0014081 14.8481 0.00933042 0.999914 -0.00919286 0.059584 0.00149388 0.00917931 0.999957 0.242783
0.999939 -0.0108802 -0.00167999 15.7468 0.0108644 0.999899 -0.00915559 0.0855926 0.00177943 0.00913678 0.999957 0.2519
0.999924 -0.0121096 -0.00249053 16.6474 0.0120839 0.999876 -0.0100844 0.103046 0.00261234 0.0100535 0.999946 0.264754
0.999904 -0.0136032 -0.00253062 17.5074 0.0135801 0.999868 -0.0089592 0.138779 0.00265216 0.00892398 0.999957 0.274459
0.999887 -0.0149187 -0.00202736 18.4261 0.0148997 0.999848 -0.00907035 0.171573 0.00216237 0.00903911 0.999957 0.288898
0.999863 -0.0165318 -0.000998367 19.3298 0.0165219 0.999821 -0.00925286 0.166814 0.00115116 0.00923509 0.999957 0.296301
0.999832 -0.0183405 -0.000420846 20.1723 0.0183361 0.999792 -0.00891714 0.192127 0.000584304 0.00890792 0.99996 0.300235
0.999802 -0.019902 -0.00060117 21.0703 0.0198951 0.999753 -0.00991926 0.201477 0.000798434 0.00990533 0.999951 0.320215
0.999774 -0.0212396 -0.0010167 21.9324 0.0212282 0.999723 -0.0101738 0.219697 0.0012325 0.0101499 0.999948 0.331212
0.999762 -0.0218325 -0.000306402 22.7945 0.021828 0.999704 -0.0106992 0.239013 0.000539902 0.01069 0.999943 0.342581
0.999725 -0.0234331 0.00124091 23.68 0.0234441 0.999678 -0.00971089 0.271979 -0.00101296 0.0097373 0.999952 0.362087
0.999698 -0.0241435 0.00458333 24.5232 0.0241954 0.99964 -0.0116303 0.286537 -0.00430088 0.0117377 0.999922 0.373577
0.999674 -0.0248661 0.00578331 25.3335 0.024932 0.999622 -0.011614 0.330135 -0.00549232 0.0117544 0.999916 0.374145
0.999659 -0.0256533 0.00481102 26.1776 0.0257012 0.999618 -0.0101622 0.336303 -0.00454849 0.0102824 0.999937 0.383376
0.999647 -0.0264578 0.00228846 26.9982 0.0264764 0.999613 -0.0085174 0.355966 -0.00206223 0.00857498 0.999961 0.395311
0.999626 -0.0273392 0.000676566 27.7794 0.027344 0.999589 -0.00858359 0.398339 -0.00044162 0.00859888 0.999963 0.407826
0.999608 -0.027978 0.000615046 28.5691 0.0279819 0.999577 -0.00787527 0.408415 -0.000394452 0.00788939 0.999969 0.417136
0.999565 -0.0294792 -0.000108308 29.3255 0.0294774 0.999533 -0.00802351 0.450565 0.000344784 0.00801683 0.999968 0.425963
0.999502 -0.0315532 -0.000926078 30.1248 0.0315452 0.999473 -0.00770848 0.465992 0.00116882 0.00767543 0.99997 0.442091
0.999446 -0.0332608 -0.00104844 30.8933 0.0332518 0.999417 -0.00770304 0.491887 0.00130404 0.00766391 0.99997 0.449355
0.999388 -0.0349925 -0.000193777 31.6382 0.03499 0.999358 -0.00768339 0.518084 0.000462513 0.0076719 0.99997 0.453322
0.999301 -0.037334 0.00212629 32.3941 0.037349 0.999274 -0.0074979 0.561726 -0.00184482 0.00757207 0.99997 0.467822
0.999223 -0.0392502 0.00348344 33.1607 0.0392728 0.999206 -0.00667873 0.594299 -0.00321853 0.00681035 0.999972 0.470681
0.999148 -0.0411257 0.003464 33.8716 0.0411465 0.999134 -0.00616545 0.635074 -0.00320744 0.00630273 0.999975 0.478187
0.999079 -0.0428295 0.00263758 34.5706 0.0428366 0.999078 -0.00272643 0.692269 -0.00251837 0.0028369 0.999993 0.493055
0.998998 -0.0447157 0.00198787 35.2967 0.0447176 0.998999 -0.000928528 0.703642 -0.00194436 0.00101649 0.999998 0.497168
0.998936 -0.0460026 0.00314864 35.9722 0.0460033 0.998941 -0.000134233 0.735209 -0.00313913 0.000278938 0.999995 0.504399
0.998898 -0.0467437 0.00425671 36.6477 0.0467394 0.998907 0.00110023 0.767654 -0.00430349 -0.000900063 0.99999 0.510816
0.998848 -0.0477114 0.00503999 37.329 0.0476934 0.998855 0.00363144 0.822204 -0.00520748 -0.00338688 0.999981 0.511163
0.998935 -0.0460201 0.00325551 37.9738 0.0459974 0.998919 0.00675281 0.850555 -0.00356275 -0.00659587 0.999972 0.525606
0.999013 -0.0444096 0.000209469 38.656 0.0444067 0.998984 0.00767106 0.897469 -0.000549924 -0.00765419 0.999971 0.525004
0.99909 -0.0426177 -0.00163918 39.2811 0.0426309 0.999049 0.00913378 0.912317 0.00124836 -0.00919535 0.999957 0.544993
0.999242 -0.0389189 -0.000779519 39.8941 0.0389246 0.999195 0.00971921 0.953005 0.000400631 -0.00974219 0.999952 0.545541
0.999364 -0.0356135 0.00182347 40.5669 0.0355832 0.99926 0.014604 0.987472 -0.00234222 -0.0145298 0.999892 0.558649
0.999461 -0.0324704 0.0047774 41.2043 0.0323779 0.999308 0.0183147 1.03242 -0.00536878 -0.0181501 0.999821 0.540327
0.999594 -0.0278949 0.00576735 41.802 0.0277547 0.999348 0.023109 1.04358 -0.00640821 -0.0229396 0.999716 0.556337
0.99973 -0.0223527 0.00628138 42.3791 0.0221738 0.999383 0.0272349 1.07121 -0.00688628 -0.0270883 0.999609 0.564123
0.999828 -0.0166642 0.00810547 42.9327 0.0164097 0.9994 0.0305155 1.09352 -0.00860912 -0.0303772 0.999501 0.56181
0.999905 -0.00980127 0.00972261 43.502 0.00944993 0.999323 0.0355472 1.08783 -0.0100644 -0.035452 0.999321 0.565078
0.999946 -0.00242195 0.0100565 44.0293 0.0020288 0.99924 0.0389211 1.11023 -0.0101432 -0.0388986 0.999192 0.578893
0.999938 0.00469177 0.0100712 44.5365 -0.00511443 0.999089 0.0423594 1.11458 -0.00986326 -0.0424083 0.999052 0.578835
0.999875 0.0120472 0.0102789 45.0436 -0.0125135 0.998836 0.046581 1.11536 -0.00970579 -0.0467038 0.998862 0.579015
0.999779 0.0194325 0.00796211 45.5189 -0.0198104 0.998527 0.0505133 1.11785 -0.00696878 -0.0506599 0.998692 0.584622
0.999597 0.0278345 0.00557197 45.9474 -0.0280882 0.998236 0.05231 1.1104 -0.00410612 -0.0524454 0.998615 0.601182
0.999347 0.0357294 0.00538324 46.3645 -0.0359659 0.99793 0.05332 1.08393 -0.00346701 -0.0534788 0.998563 0.591381
0.999038 0.0432691 0.00712563 46.7954 -0.0435829 0.997684 0.0522263 1.06935 -0.00484934 -0.0524866 0.99861 0.608545
0.998635 0.0514971 0.0087844 47.1343 -0.0518975 0.997193 0.0539682 1.05477 -0.00598054 -0.0543504 0.998504 0.613
0.998141 0.0601454 0.00987522 47.5084 -0.0606102 0.996552 0.0566572 1.04198 -0.0064335 -0.0571504 0.998345 0.620069
0.997573 0.0689335 0.00984925 47.8266 -0.069411 0.995686 0.0615676 1.01535 -0.00556269 -0.0621018 0.998054 0.615242
0.996924 0.0775444 0.0113668 48.1445 -0.0781183 0.994862 0.064394 0.985985 -0.00631504 -0.0650839 0.99786 0.6107
0.996134 0.0870582 0.011748 48.4214 -0.0876378 0.994062 0.0645005 0.983849 -0.00606295 -0.0652807 0.997849 0.625424
0.995174 0.097507 0.0110317 48.6802 -0.0980126 0.993167 0.063341 0.938554 -0.00478017 -0.0641165 0.997931 0.630132
0.993958 0.109492 0.00761866 48.9712 -0.109755 0.992009 0.0622201 0.900231 -0.000745156 -0.0626804 0.998033 0.636049
0.992326 0.123574 0.00435414 49.199 -0.123603 0.990356 0.0625902 0.870451 0.00342238 -0.0626481 0.99803 0.636053
0.990349 0.138545 0.00366689 49.4663 -0.138492 0.988254 0.0646024 0.843289 0.00532655 -0.0644868 0.997904 0.6349
0.987913 0.154957 0.00391578 49.7349 -0.154878 0.985743 0.0657478 0.781733 0.00632815 -0.0655596 0.997829 0.643834
0.985148 0.171668 0.00367401 49.9973 -0.171534 0.982963 0.0660301 0.723079 0.00772387 -0.0656797 0.997811 0.643272
0.98175 0.190131 0.00409691 50.2218 -0.189988 0.979605 0.065404 0.669641 0.00842196 -0.0649887 0.99785 0.656365
0.977833 0.209331 0.00473729 50.4508 -0.2092 0.975772 0.0640647 0.593259 0.0087882 -0.0636356 0.997935 0.659897
0.97338 0.229147 0.00476623 50.69 -0.228977 0.971327 0.0639764 0.532694 0.0100304 -0.0633647 0.99794 0.665467
0.968178 0.250209 0.0051343 50.9429 -0.249998 0.966013 0.0657278 0.48864 0.0114859 -0.0649198 0.997824 0.66938
0.961974 0.2731 0.00465178 51.2052 -0.27279 0.959742 0.0669314 0.393677 0.0138145 -0.0656552 0.997747 0.667701
0.954703 0.297505 0.00578251 51.4188 -0.297201 0.952408 0.067753 0.313372 0.0146496 -0.0664025 0.997685 0.678664
0.946416 0.322855 0.00782216 51.6563 -0.322592 0.943948 0.0699831 0.226681 0.0152107 -0.0687565 0.997518 0.683724
0.93658 0.350314 0.00985648 51.9222 -0.350083 0.933932 0.0721936 0.121401 0.0160851 -0.0710657 0.997342 0.697148
0.92545 0.378709 0.011061 52.1522 -0.378476 0.922762 0.0725674 0.0271086 0.0172753 -0.0713438 0.997302 0.699175
0.912723 0.408437 0.0107353 52.387 -0.408137 0.910203 0.0703849 -0.0982313 0.0189765 -0.0686235 0.997462 0.711789
0.897489 0.440934 0.00949125 52.6322 -0.440514 0.895171 0.0679505 -0.238068 0.0214654 -0.0651659 0.997644 0.730394
0.880081 0.474771 0.00701121 52.8456 -0.474142 0.877933 0.0665069 -0.403747 0.0254202 -0.0618558 0.997761 0.740604
0.860581 0.509281 0.00571592 53.1112 -0.508458 0.858432 0.0675713 -0.553826 0.029506 -0.0610569 0.997698 0.750597
0.838732 0.544524 0.00472235 53.2993 -0.543496 0.836548 0.0692752 -0.724094 0.0337715 -0.0606699 0.997586 0.753823
0.814346 0.580353 0.00566012 53.5561 -0.579189 0.812011 0.0719599 -0.913644 0.0371661 -0.0618785 0.997391 0.773095
0.787128 0.616736 0.00814911 53.8225 -0.61552 0.784592 0.0745035 -1.11013 0.0395553 -0.0636597 0.997187 0.788061
0.757755 0.652433 0.0117595 54.0606 -0.651162 0.754862 0.078559 -1.32444 0.0423777 -0.0671858 0.99684 0.792893
0.724808 0.688796 0.0145963 54.2873 -0.687531 0.721791 0.0794893 -1.59716 0.0442165 -0.0676499 0.996729 0.8139
0.688103 0.725444 0.0156927 54.5376 -0.724227 0.685291 0.0766284 -1.88157 0.0448355 -0.0640932 0.996936 0.83724
0.649029 0.760585 0.0165068 54.7508 -0.759381 0.64639 0.074299 -2.14544 0.0458408 -0.0607571 0.997099 0.850741
0.607065 0.794437 0.0185119 54.9826 -0.793236 0.604428 0.0737855 -2.48279 0.0474288 -0.0594768 0.997102 0.862519
0.560991 0.82761 0.0187323 55.1711 -0.826326 0.558473 0.0727588 -2.81608 0.0497544 -0.056296 0.997174 0.892266
0.512993 0.858171 0.0195141 55.3739 -0.856869 0.510595 0.0711942 -3.2118 0.051133 -0.0532431 0.997272 0.922814
0.46441 0.88535 0.0218725 55.5705 -0.884193 0.462119 0.0681902 -3.61568 0.0502645 -0.0510077 0.997433 0.947022
0.414455 0.909695 0.026112 55.7444 -0.908772 0.412162 0.0652432 -4.0231 0.0485891 -0.0507703 0.997528 0.973522
0.365385 0.930295 0.0323442 55.896 -0.929598 0.362864 0.0646273 -4.46294 0.0483859 -0.053681 0.997385 0.987616
0.315514 0.948353 0.0328353 56.0612 -0.947562 0.313023 0.0643591 -4.92026 0.0507569 -0.0514197 0.997386 0.988609
0.267588 0.963163 0.0267188 56.1763 -0.962177 0.265638 0.060424 -5.39109 0.0511006 -0.0418769 0.997815 1.04483
0.222786 0.974709 0.0175887 56.2094 -0.973625 0.221555 0.0544702 -5.88617 0.0491957 -0.02926 0.99836 1.07244
0.179509 0.983699 0.0106204 56.282 -0.982536 0.178738 0.0517297 -6.42871 0.0489882 -0.0197209 0.998605 1.12511
0.140958 0.989978 0.00862665 56.3551 -0.988633 0.140295 0.0540525 -6.93498 0.0523005 -0.0161477 0.998501 1.10945
0.107898 0.994158 0.00283177 56.4 -0.99273 0.10759 0.053953 -7.45296 0.0533331 -0.00863262 0.998539 1.1504
0.0782805 0.996928 -0.00277173 56.4141 -0.995547 0.078318 0.0524725 -8.01589 0.0525284 -0.00134819 0.998619 1.18864
0.0527916 0.998582 -0.00692552 56.4217 -0.997295 0.0530762 0.0508476 -8.58118 0.0511431 0.00422246 0.998682 1.21935
0.0335779 0.999367 -0.0117717 56.4148 -0.998203 0.0341191 0.0492594 -9.1465 0.0496299 0.0100966 0.998717 1.24906
0.0167163 0.999775 -0.0130592 56.4381 -0.998588 0.0173521 0.0501987 -9.71627 0.0504141 0.0122017 0.998654 1.27535
0.003537 0.999904 -0.0134097 56.4302 -0.998715 0.00421016 0.0505083 -10.3195 0.0505599 0.0132138 0.998634 1.30181
-0.00871511 0.999875 -0.0131765 56.4346 -0.998653 -0.00802884 0.0512682 -10.9151 0.051156 0.0136055 0.998598 1.31032
-0.018068 0.999686 -0.017336 56.4096 -0.998412 -0.0171142 0.0536699 -11.521 0.0533564 0.0182781 0.998408 1.36101
-0.0247318 0.999491 -0.0201392 56.3975 -0.998163 -0.0235744 0.0558126 -12.1809 0.0553094 0.0214825 0.998238 1.41276
-0.0303312 0.999319 -0.0210296 56.3878 -0.998068 -0.0291385 0.0548706 -12.7903 0.0542204 0.0226532 0.998272 1.43772
-0.0333413 0.999285 -0.0178562 56.3639 -0.998093 -0.0323624 0.0525569 -13.4507 0.0519415 0.0195745 0.998458 1.48124
-0.0360311 0.999224 -0.0158858 56.338 -0.998305 -0.0352619 0.0462964 -14.1329 0.0457004 0.017527 0.998801 1.51094
-0.0367566 0.999173 -0.0173936 56.2972 -0.998539 -0.0360321 0.0402808 -14.8035 0.0396207 0.0188488 0.999037 1.54002
-0.0374038 0.999078 -0.0210876 56.289 -0.998611 -0.0365863 0.0379023 -15.4832 0.0370959 0.0224761 0.999059 1.56217
-0.0374463 0.999008 -0.0240968 56.2777 -0.998544 -0.0364704 0.0397378 -16.1951 0.0388196 0.0255498 0.99892 1.61198
-0.0367895 0.999003 -0.0253078 56.2258 -0.998269 -0.035576 0.0468365 -16.8797 0.0458894 0.0269871 0.998582 1.63064
-0.0345965 0.9991 -0.0245251 56.1995 -0.997967 -0.0332223 0.0543834 -17.596 0.0535197 0.0263567 0.998219 1.68063
-0.0325187 0.999152 -0.0252585 56.1784 -0.997973 -0.0310762 0.0555411 -18.3072 0.054709 0.0270134 0.998137 1.71554
-0.0304544 0.999202 -0.0258374 56.1607 -0.998241 -0.0290894 0.0516545 -19.0416 0.0508617 0.0273651 0.998331 1.75161
-0.0269914 0.999284 -0.0265251 56.1487 -0.998615 -0.0257557 0.0458742 -19.7996 0.0451582 0.0277266 0.998595 1.77925
-0.0254361 0.999356 -0.0253116 56.118 -0.998739 -0.0243076 0.0439364 -20.5143 0.0432928 0.0263972 0.998714 1.79913
-0.0215823 0.999286 -0.0310242 56.1147 -0.9986 -0.0200478 0.0489502 -21.2571 0.0482933 0.0320373 0.998319 1.87413
-0.0188148 0.999298 -0.032411 56.1001 -0.998386 -0.0170403 0.0541816 -22.0172 0.0535912 0.0333781 0.998005 1.93833
-0.0163276 0.999487 -0.0275431 56.1239 -0.998369 -0.0147897 0.055145 -22.7144 0.0547093 0.0283986 0.998098 1.95993
-0.0125919 0.999665 -0.0226121 56.0992 -0.998574 -0.0113983 0.0521608 -23.4511 0.0518856 0.0232367 0.998383 1.99651
-0.00859 0.999564 -0.0282318 56.1108 -0.998823 -0.00722871 0.0479716 -24.1668 0.0477466 0.0286106 0.99845 2.02648
-0.00506978 0.999473 -0.032072 56.069 -0.99879 -0.00349212 0.0490574 -24.9283 0.0489195 0.0322819 0.998281 2.08899
-0.00200547 0.999504 -0.0314282 56.1082 -0.998573 -0.000324236 0.0534083 -25.6556 0.0533717 0.0314905 0.998078 2.15775
0.00118448 0.999572 -0.0292339 56.1169 -0.998497 0.002784 0.0547348 -26.4325 0.0547927 0.0291251 0.998073 2.17026
0.00536985 0.999604 -0.0276143 56.1003 -0.99853 0.00684956 0.0537727 -27.1446 0.0539406 0.0272849 0.998171 2.22054
0.00880556 0.999455 -0.0318231 56.1196 -0.998621 0.0104363 0.0514461 -27.9005 0.0517502 0.0313262 0.998169 2.26401
0.0117107 0.999246 -0.0370086 56.1195 -0.998593 0.0136014 0.0512579 -28.6186 0.0517227 0.0363563 0.997999 2.30571
0.0151829 0.999107 -0.0394372 56.1195 -0.998474 0.0172441 0.0524619 -29.3812 0.0530951 0.0385805 0.997844 2.36596
0.0188453 0.998969 -0.0412897 56.1333 -0.99842 0.0209896 0.0521296 -30.1327 0.0529425 0.040242 0.997786 2.39352
0.0213079 0.998897 -0.0418479 56.1397 -0.998422 0.0234357 0.0510307 -30.8363 0.0519552 0.0406945 0.99782 2.43411
0.0245854 0.998681 -0.0450816 56.1476 -0.998385 0.0268383 0.0500675 -31.5877 0.0512113 0.0437779 0.997728 2.48079
0.0284531 0.99863 -0.0439067 56.1749 -0.998236 0.0306767 0.05083 -32.3581 0.0521073 0.042383 0.997742 2.51451
0.0309876 0.998718 -0.0400297 56.213 -0.998096 0.0330552 0.0520658 -33.0842 0.0533223 0.0383401 0.997841 2.56088
0.0335432 0.998517 -0.0428683 56.245 -0.997988 0.0357731 0.0523558 -33.8279 0.0538117 0.0410258 0.997708 2.60325
0.036862 0.998481 -0.0409607 56.2779 -0.997888 0.0389722 0.0519746 -34.5889 0.053492 0.0389583 0.997808 2.6491
0.0386271 0.99848 -0.0393238 56.3133 -0.997784 0.0406738 0.0526515 -35.3496 0.0541709 0.0372029 0.997838 2.6947
0.0422969 0.998406 -0.0373708 56.3501 -0.997605 0.0442525 0.0531524 -36.1102 0.0547215 0.0350331 0.997887 2.74075
0.045337 0.998341 -0.0355048 56.3878 -0.997395 0.0472329 0.054517 -36.814 0.0561036 0.0329407 0.997881 2.77282
0.0485205 0.998221 -0.0346586 56.4328 -0.997055 0.0504684 0.0577347 -37.625 0.0593811 0.0317552 0.99773 2.84264
0.0515825 0.998036 -0.0355473 56.4561 -0.996768 0.0536468 0.0598001 -38.347 0.0615897 0.0323478 0.997577 2.87762
0.0555175 0.998014 -0.0297524 56.5134 -0.996416 0.057284 0.0622378 -39.1367 0.0638186 0.0261905 0.997618 2.94047
0.0578663 0.997991 -0.0257795 56.5927 -0.996327 0.0593641 0.0617199 -39.9207 0.0631263 0.0221133 0.997761 2.96302
0.061229 0.997713 -0.0286348 56.6325 -0.996117 0.0628989 0.0615961 -40.6715 0.0632563 0.0247521 0.99769 3.02726
0.0653227 0.997449 -0.0287912 56.697 -0.995767 0.0670279 0.0628909 -41.4938 0.0646603 0.0245611 0.997605 3.09553
0.0694528 0.997318 -0.0230873 56.7517 -0.995427 0.0708056 0.0641279 -42.2342 0.0655907 0.0185279 0.997675 3.16318
0.0730752 0.997054 -0.0233191 56.8011 -0.995256 0.0744093 0.0626736 -43.0681 0.0642241 0.0186286 0.997762 3.18262
0.0781061 0.9966 -0.0262112 56.8842 -0.994917 0.0795964 0.061679 -43.79 0.0635557 0.0212604 0.997752 3.25305
0.0830597 0.996285 -0.0227593 56.9547 -0.994219 0.0844036 0.0663724 -44.6416 0.0680467 0.0171148 0.997535 3.29144
0.0890941 0.995812 -0.0205175 57.0576 -0.993181 0.090376 0.0736393 -45.3814 0.0751852 0.0138167 0.997074 3.37706
0.0965405 0.995121 -0.0203439 57.1304 -0.992042 0.0978614 0.0792224 -46.21 0.0808268 0.0125338 0.996649 3.4421
0.104058 0.994437 -0.0163689 57.2431 -0.991102 0.105054 0.08174 -47.0279 0.0830049 0.00771757 0.996519 3.50686
0.111653 0.99365 -0.0138746 57.3304 -0.990407 0.11241 0.0803646 -47.8382 0.081414 0.00476862 0.996669 3.57493
0.119292 0.992755 -0.0143678 57.4449 -0.989644 0.120057 0.0786792 -48.6868 0.0798341 0.00483319 0.996796 3.65886
0.126553 0.991856 -0.0143754 57.5117 -0.988927 0.127285 0.0763038 -49.4943 0.0775121 0.0045597 0.996981 3.73156
0.134735 0.99081 -0.0119296 57.6522 -0.9883 0.135243 0.0705152 -50.2614 0.0714806 0.00228915 0.997439 3.80239
0.1422 0.989789 -0.00979889 57.7906 -0.987721 0.142536 0.0639546 -51.0699 0.0646982 0.00058422 0.997905 3.83544
0.149336 0.988734 -0.0102082 57.9023 -0.986881 0.149681 0.0605179 -51.9094 0.0613641 0.00103677 0.998115 3.919
0.156373 0.987648 -0.00997704 58.0212 -0.985676 0.15669 0.0623848 -52.66 0.0631775 7.88592e-05 0.998002 3.97534
0.162334 0.986661 -0.0121356 58.1964 -0.984272 0.162785 0.0686325 -53.4527 0.0696925 0.000803338 0.997568 4.03338
0.167018 0.985878 -0.0122157 58.2891 -0.983184 0.167464 0.0728324 -54.2352 0.0738495 -0.00015406 0.997269 4.093
0.172197 0.985002 -0.0109315 58.4421 -0.982087 0.172528 0.0757593 -55.0214 0.0765091 -0.00230984 0.997066 4.18316
0.177778 0.98402 -0.00999904 58.598 -0.981116 0.178022 0.0756257 -55.7573 0.0761972 -0.00363438 0.997086 4.22915
0.182873 0.983062 -0.0120867 58.7214 -0.980379 0.183267 0.0725966 -56.5158 0.073582 -0.00142639 0.997288 4.31083
0.187161 0.982244 -0.0129353 58.8644 -0.979939 0.187607 0.0672588 -57.2708 0.0684914 8.76241e-05 0.997652 4.35189
0.19124 0.981483 -0.0108797 59.0381 -0.979616 0.191547 0.0605178 -58.0704 0.0614812 -0.000915539 0.998108 4.43805
0.194765 0.980825 -0.00699933 59.2025 -0.97919 0.194846 0.0567703 -58.7802 0.0570455 -0.00420321 0.998363 4.45579
0.198008 0.980186 -0.00525837 59.3371 -0.978538 0.197982 0.0571478 -59.4736 0.0570565 -0.00617019 0.998352 4.53274
0.19934 0.979924 -0.00352306 59.4773 -0.978189 0.199198 0.0588674 -60.221 0.0583873 -0.00828838 0.99826 4.58334
0.201222 0.979545 -0.00066722 59.6273 -0.977601 0.200865 0.0628526 -60.8862 0.061701 -0.011995 0.998023 4.63108
0.203325 0.979111 -0.000136006 59.7958 -0.976864 0.202867 0.0676825 -61.6134 0.0662962 -0.0136287 0.997707 4.69805
0.205524 0.978652 0.000823275 59.9448 -0.976048 0.204916 0.0730755 -62.2635 0.0713468 -0.0158224 0.997326 4.75266
0.20747 0.978241 -0.000635396 60.1023 -0.975479 0.206933 0.0749582 -62.9341 0.0734586 -0.0149317 0.997186 4.81336
0.208751 0.977968 0.00102027 60.2992 -0.975244 0.208092 0.074809 -63.5853 0.0729486 -0.0166115 0.997197 4.85679
0.20958 0.977791 0.00113664 60.4214 -0.975286 0.20896 0.0717888 -64.2662 0.0699569 -0.016154 0.997419 4.90647
0.210188 0.977659 0.00187699 60.5634 -0.975291 0.209544 0.0699879 -64.9196 0.068031 -0.0165412 0.997546 4.97054
0.209729 0.977758 0.00141233 60.7097 -0.975465 0.209138 0.0687738 -65.5761 0.0669488 -0.0158016 0.997631 5.02244
0.208413 0.978039 0.00202955 60.8296 -0.975793 0.207793 0.0681864 -66.2292 0.0662672 -0.0161913 0.997671 5.07479
0.206944 0.97835 0.00230024 60.9657 -0.976094 0.206306 0.0683979 -66.8319 0.0664426 -0.0163998 0.997655 5.12975
0.204264 0.978911 0.00294214 61.1042 -0.976448 0.203535 0.0715716 -67.4353 0.0694635 -0.0174924 0.997431 5.16555
0.202666 0.979246 0.00191634 61.2493 -0.976498 0.20195 0.0752862 -68.065 0.0733367 -0.0171292 0.99716 5.23396
0.200485 0.979696 0.00117328 61.3622 -0.976861 0.199814 0.0762728 -68.6698 0.0744898 -0.0164377 0.997086 5.27867
0.19721 0.980361 0.00020154 61.4824 -0.977645 0.196648 0.074432 -69.2007 0.0729306 -0.0148758 0.997226 5.32232
0.194969 0.980809 -0.000148988 61.6162 -0.978237 0.194469 0.0723494 -69.8215 0.0709899 -0.0139602 0.997379 5.36709
0.194018 0.980998 0.000735497 61.7203 -0.978744 0.193521 0.0678884 -70.3832 0.0664561 -0.0138914 0.997693 5.41148
0.191485 0.981493 -0.00209619 61.8323 -0.97928 0.191196 0.0667428 -70.9286 0.0659084 -0.0107275 0.997768 5.46208
0.189209 0.981924 -0.0050981 61.9141 -0.979542 0.189108 0.068821 -71.4754 0.068541 -0.00802776 0.997616 5.51046
0.186773 0.982352 -0.0100233 62.0131 -0.979871 0.187014 0.069842 -72.0222 0.0704839 -0.00322304 0.997508 5.55892
0.184735 0.982754 -0.00826871 62.11 -0.980078 0.184844 0.072656 -72.5985 0.0729314 -0.00531815 0.997323 5.59791
0.183598 0.982967 -0.00824207 62.2247 -0.980164 0.183699 0.0743906 -73.1001 0.0746376 -0.00557943 0.997195 5.65442
0.182706 0.983124 -0.00929388 62.3191 -0.98038 0.182891 0.0735219 -73.6678 0.0739809 -0.00432134 0.99725 5.68576
0.182407 0.983112 -0.0147694 62.3937 -0.980492 0.182999 0.0717468 -74.2331 0.0732379 0.00139416 0.997314 5.74202
0.183911 0.982735 -0.0201942 62.5219 -0.980276 0.184886 0.069833 -74.7725 0.072361 0.00695276 0.997354 5.77627
0.186045 0.982262 -0.0234035 62.6219 -0.97988 0.187241 0.0691133 -75.3107 0.0722695 0.0100744 0.997334 5.82743
0.189595 0.981595 -0.0228962 62.7075 -0.979244 0.19074 0.0685458 -75.8411 0.0716515 0.00942502 0.997385 5.86047
0.194288 0.980738 -0.020113 62.831 -0.978304 0.195228 0.06934 -76.3905 0.071931 0.00620467 0.99739 5.9171
0.20118 0.979301 -0.0222569 62.9282 -0.976951 0.202249 0.0682855 -76.9426 0.0713735 0.00800621 0.997418 5.95624
0.208701 0.97776 -0.0206966 63.0738 -0.975363 0.209643 0.0686783 -77.5107 0.0714899 0.00585346 0.997424 5.9938
0.216442 0.976044 -0.0221769 63.236 -0.973729 0.217463 0.0675405 -78.0981 0.0707451 0.00697574 0.99747 6.02914
0.226001 0.973918 -0.0201636 63.3642 -0.971632 0.226855 0.0668457 -78.6875 0.0696765 0.00448438 0.99756 6.08576
0.23567 0.971656 -0.0185299 63.5026 -0.969348 0.236387 0.0669779 -79.2481 0.0694597 0.00217725 0.997582 6.1178
0.245909 0.969162 -0.0159377 63.66 -0.966601 0.246418 0.0704383 -79.8669 0.0721935 -0.00191602 0.997389 6.17369
0.255392 0.966744 -0.0134476 63.8419 -0.964018 0.255684 0.0727694 -80.4513 0.0737878 -0.00562095 0.997258 6.2162
0.267126 0.963615 -0.00946008 64.0351 -0.960692 0.26706 0.0758263 -81.0664 0.0755937 -0.0111669 0.997076 6.25784
0.277366 0.960718 -0.00946061 64.1834 -0.957708 0.277255 0.0769757 -81.6541 0.076575 -0.01229 0.996988 6.31986
0.287143 0.957862 -0.00693515 64.3897 -0.954759 0.286783 0.0786866 -82.2946 0.0773599 -0.015973 0.996875 6.36096
0.297436 0.954713 -0.00744057 64.6099 -0.951594 0.297079 0.0788223 -82.8987 0.0774631 -0.0163642 0.996861 6.40971
0.307695 0.951471 -0.0050553 64.8137 -0.948324 0.307102 0.0798069 -83.5559 0.0774865 -0.0197622 0.996798 6.47206
0.31892 0.947767 -0.0051934 65.0494 -0.944944 0.318384 0.075587 -84.2602 0.0732924 -0.0191987 0.997126 6.51525
0.328993 0.944312 -0.00630054 65.2834 -0.941882 0.328612 0.069806 -84.8686 0.0679891 -0.0170313 0.997541 6.56743
0.339799 0.940466 -0.00772262 65.5198 -0.93835 0.339566 0.0647697 -85.5595 0.0635361 -0.0147622 0.99787 6.61121
0.349753 0.936802 -0.00869879 65.805 -0.934912 0.349613 0.0609179 -86.2275 0.0601092 -0.0131736 0.998105 6.64105
0.359354 0.93311 -0.0130844 66.0667 -0.931317 0.359484 0.0584764 -86.9541 0.0592685 -0.00882797 0.998203 6.72214
0.367352 0.929876 -0.0195837 66.3285 -0.928322 0.367871 0.0537467 -87.6307 0.057182 -0.00156402 0.998363 6.74881
0.375032 0.926673 -0.0250436 66.6034 -0.925591 0.375816 0.0452068 -88.3757 0.0513037 0.00622611 0.998664 6.80225
0.381093 0.924042 -0.0302456 66.8451 -0.923266 0.38208 0.0399255 -89.0736 0.0484491 0.0127094 0.998745 6.85261
0.388869 0.920655 -0.0342837 67.172 -0.919954 0.39004 0.0394049 -89.7575 0.0496503 0.0162162 0.998635 6.86998
0.394997 0.917869 -0.0386609 67.4744 -0.916903 0.3965 0.0455579 -90.4995 0.0571453 0.0174531 0.998213 6.93164
0.401786 0.914704 -0.043411 67.7733 -0.913416 0.403689 0.0520265 -91.2144 0.0651134 0.0187488 0.997702 6.98847
0.407279 0.912231 -0.0442548 68.1239 -0.910878 0.40925 0.0530652 -91.9082 0.066519 0.0186984 0.99761 7.04386
0.412095 0.910322 -0.0386146 68.4242 -0.908764 0.41371 0.0547103 -92.58 0.0657792 0.0125457 0.997755 7.08419
0.416269 0.9086 -0.0341559 68.7781 -0.906805 0.417609 0.0575055 -93.286 0.0665133 0.00703502 0.997761 7.12893
0.420357 0.906741 -0.0334885 69.0747 -0.9047 0.421663 0.0609758 -93.9412 0.0694101 0.00466545 0.997577 7.20261
0.424222 0.904929 -0.0337625 69.4489 -0.902607 0.425553 0.0648443 -94.6266 0.0730472 0.00296596 0.997324 7.25359
0.427658 0.903402 -0.0312025 69.7569 -0.900813 0.428794 0.0683585 -95.2998 0.0751346 -0.00112644 0.997173 7.32556
0.431283 0.901688 -0.0308975 70.0614 -0.899176 0.432386 0.0672632 -95.9431 0.0740101 -0.00122717 0.997257 7.36946
0.435631 0.899594 -0.0309171 70.4092 -0.897343 0.436727 0.0636072 -96.6376 0.070723 3.39769e-05 0.997496 7.44276
0.439151 0.897895 -0.0305267 70.7217 -0.895846 0.44021 0.0606298 -97.2306 0.0678773 0.000721567 0.997693 7.49101
0.442699 0.896203 -0.028938 71.0174 -0.89424 0.443643 0.0592867 -97.8454 0.0659711 -0.000368671 0.997821 7.55419
0.446934 0.894146 -0.0274395 71.3365 -0.892036 0.447766 0.0614629 -98.5116 0.0672433 -0.00299289 0.997732 7.6045
0.448786 0.893171 -0.0289267 71.6449 -0.891027 0.449712 0.0618888 -99.0685 0.068286 -0.0020004 0.997664 7.65753
0.451295 0.891842 -0.0308499 71.9746 -0.88978 0.452348 0.0606115 -99.7279 0.0680107 9.59383e-05 0.997685 7.71544
0.452077 0.891372 -0.0329028 72.2651 -0.889406 0.453266 0.0592267 -100.244 0.0677068 0.00248894 0.997702 7.76597
0.454061 0.890441 -0.0307185 72.5867 -0.888462 0.455098 0.059333 -100.864 0.0668125 0.000351471 0.997765 7.82549
0.455989 0.88941 -0.0320011 72.8411 -0.887477 0.457107 0.0586279 -101.375 0.0667722 0.00166665 0.997767 7.87231
0.458419 0.88812 -0.0330827 73.1681 -0.886023 0.459609 0.0610092 -101.988 0.0693886 0.00134428 0.997589 7.92158
0.460889 0.886806 -0.033998 73.443 -0.884668 0.462138 0.0615714 -102.527 0.0703137 0.0016993 0.997523 7.99029
0.463762 0.885216 -0.0363073 73.7431 -0.883132 0.465165 0.0608174 -103.074 0.0707254 0.00385931 0.997488 8.04372
0.46678 0.88349 -0.0395318 74.0338 -0.881539 0.468394 0.059119 -103.635 0.0707475 0.00725324 0.997468 8.0904
0.469895 0.881785 -0.0406606 74.3086 -0.879869 0.471579 0.0586858 -104.13 0.070923 0.00819982 0.997448 8.13694
0.473508 0.879833 -0.0410469 74.5896 -0.877938 0.475209 0.0583274 -104.63 0.0708242 0.00841815 0.997453 8.18743
0.477504 0.877618 -0.042145 74.8627 -0.875781 0.479267 0.0575377 -105.196 0.0706949 0.00943528 0.997453 8.24207
0.480523 0.875825 -0.0450371 75.1601 -0.874066 0.482478 0.056774 -105.688 0.0714535 0.0120841 0.997371 8.28053
0.484956 0.873378 -0.0450357 75.4254 -0.871511 0.486917 0.0581421 -106.193 0.0727087 0.0110527 0.997292 8.31684
0.489094 0.870894 -0.0482739 75.6801 -0.869096 0.491278 0.0576026 -106.659 0.0738817 0.0137816 0.997172 8.37681
0.492808 0.868791 -0.0484085 75.9939 -0.866735 0.495036 0.0609133 -107.166 0.0768848 0.0119388 0.996969 8.41833
0.498823 0.865357 -0.0483029 76.2773 -0.862782 0.50109 0.0672023 -107.675 0.0823581 0.00815284 0.996569 8.47076
0.504354 0.8622 -0.0473087 76.6114 -0.85906 0.506556 0.0736007 -108.149 0.087423 0.00352016 0.996165 8.51723
0.51086 0.85847 -0.0452997 76.8954 -0.854664 0.512858 0.0807831 -108.642 0.0925822 -0.00255279 0.995702 8.57003
0.517535 0.854495 -0.0446629 77.22 -0.850236 0.519421 0.0854362 -109.067 0.0962037 -0.00624226 0.995342 8.62051
0.523581 0.851003 -0.0407078 77.5108 -0.846712 0.525055 0.0860053 -109.61 0.0945646 -0.010563 0.995463 8.68281
0.530019 0.847301 -0.0340743 77.8535 -0.843152 0.530856 0.0853583 -110.09 0.0904128 -0.0165117 0.995767 8.73167
0.536038 0.843796 -0.0259144 78.1623 -0.840002 0.53618 0.0831088 -110.569 0.0840216 -0.0227813 0.996203 8.78572
0.542912 0.839597 -0.0179627 78.4657 -0.836178 0.542435 0.0810594 -111.059 0.0778009 -0.0289881 0.996547 8.83383
0.549385 0.83544 -0.0146706 78.8512 -0.832281 0.548695 0.0790104 -111.568 0.0740582 -0.0311971 0.996766 8.88551
0.555759 0.831248 -0.0126227 79.2372 -0.8279 0.554774 0.0825076 -112.09 0.0755869 -0.035404 0.99651 8.93222
0.56174 0.827238 -0.0111482 79.6093 -0.823653 0.56047 0.0864251 -112.623 0.0777424 -0.0393663 0.996196 8.98025
0.568511 0.8226 -0.0111427 79.9322 -0.818767 0.567077 0.0896867 -113.153 0.080095 -0.0418646 0.995908 9.03271
0.574824 0.818217 -0.00991283 80.33 -0.814219 0.573136 0.0925286 -113.669 0.0813899 -0.0451164 0.995661 9.07887
0.581921 0.813199 -0.00869151 80.7553 -0.809192 0.580053 0.0935257 -114.267 0.0810965 -0.0473915 0.995579 9.13102
0.588345 0.808596 -0.00469582 81.1617 -0.804711 0.586068 0.0946801 -114.78 0.07931 -0.0519258 0.995497 9.18251
0.595278 0.803515 -0.00297077 81.5945 -0.799809 0.59288 0.093802 -115.332 0.0771326 -0.0534622 0.995586 9.2418
0.602184 0.798355 -0.00210097 82.032 -0.794911 0.599826 0.0912474 -115.88 0.074108 -0.0532776 0.995826 9.29948
0.610664 0.791887 -0.00195107 82.4653 -0.78844 0.608232 0.0917343 -116.452 0.0738299 -0.0544805 0.995782 9.37155
0.618092 0.786106 0.000328686 82.9527 -0.782648 0.615333 0.0939564 -117.059 0.0736575 -0.058331 0.995576 9.41554
0.62586 0.779935 0.000861329 83.4287 -0.776402 0.622919 0.0957666 -117.657 0.0741552 -0.0606052 0.995403 9.46971
0.632929 0.774209 0.000845379 83.901 -0.770684 0.629943 0.0960109 -118.203 0.0738 -0.0614196 0.99538 9.51237
0.638337 0.769756 0.00143239 84.3922 -0.766351 0.635336 0.0951601 -118.821 0.07234 -0.0618419 0.995461 9.58018
0.641422 0.767188 -1.0784e-05 84.9507 -0.763826 0.638612 0.0935157 -119.426 0.0717511 -0.0599748 0.995618 9.63554
0.644728 0.764412 -0.00107245 85.4104 -0.761095 0.64206 0.0921608 -120.009 0.0711374 -0.0586024 0.995744 9.68945
0.648637 0.76108 -0.00523294 86.003 -0.757774 0.64643 0.0889207 -120.636 0.0710585 -0.0537118 0.996025 9.74815
0.65224 0.757941 -0.0103923 86.5622 -0.754834 0.650699 0.082565 -121.318 0.0693416 -0.0460078 0.996531 9.81179
0.655048 0.755468 -0.013434 87.0793 -0.752625 0.65395 0.0768461 -121.918 0.0668399 -0.0402272 0.996952 9.87475
0.65803 0.752829 -0.0156247 87.6144 -0.750236 0.657255 0.0718453 -122.558 0.0643567 -0.0355541 0.997293 9.94419
0.66118 0.750057 -0.0159828 88.1957 -0.747599 0.660495 0.0695857 -123.183 0.0627498 -0.0340599 0.997448 9.98809
0.663832 0.74771 -0.0160111 88.7318 -0.745098 0.663055 0.0720126 -123.811 0.0644608 -0.0358744 0.997275 10.0613
0.668303 0.743766 -0.0135065 89.3515 -0.740981 0.667185 0.076226 -124.455 0.0657057 -0.040934 0.996999 10.1103
0.671246 0.741174 -0.00944737 89.9529 -0.738358 0.669709 0.0794781 -125.112 0.0652341 -0.0463738 0.996792 10.1605
0.674678 0.738093 -0.00541886 90.5128 -0.735578 0.672951 0.0778655 -125.734 0.0611186 -0.0485482 0.996949 10.2254
0.678053 0.735012 -0.000992509 91.1878 -0.732971 0.67627 0.073567 -126.404 0.0547439 -0.0491549 0.99729 10.2696
0.681466 0.731843 0.00319079 91.7972 -0.730286 0.679718 0.0683114 -127.065 0.0478244 -0.048882 0.997659 10.327
0.685881 0.72771 0.00242788 92.3992 -0.726362 0.6844 0.0632145 -127.703 0.0443402 -0.0451212 0.997997 10.3641
0.690264 0.723555 -0.00205238 93.0154 -0.722133 0.68908 0.0607638 -128.354 0.0453802 -0.0404609 0.99815 10.424
0.695094 0.71877 -0.0146267 93.6538 -0.717113 0.694646 0.0567102 -128.998 0.050922 -0.02893 0.998284 10.4942
0.69982 0.714011 -0.0209772 94.2341 -0.711925 0.699576 0.0612849 -129.64 0.0584332 -0.0279542 0.9979 10.5392
0.704632 0.709092 -0.0261262 94.9026 -0.70679 0.70465 0.0625759 -130.277 0.0627819 -0.0256273 0.997698 10.6006
0.710904 0.702729 -0.028085 95.5467 -0.700721 0.711152 0.0570413 -130.943 0.0600572 -0.0208711 0.997977 10.6508
0.716546 0.696913 -0.0295637 96.1885 -0.695274 0.71699 0.0501972 -131.585 0.0561799 -0.0154138 0.998302 10.7261
0.72159 0.69141 -0.0355011 96.8567 -0.689962 0.722414 0.0454901 -132.223 0.0570988 -0.00833078 0.998334 10.7626
0.725806 0.686765 -0.0394932 97.5928 -0.684989 0.726818 0.0502554 -132.864 0.063218 -0.00942327 0.997955 10.8474
0.729733 0.68261 -0.0391505 98.2306 -0.6806 0.730673 0.0538612 -133.485 0.0653724 -0.0126585 0.997781 10.8749
0.73261 0.679414 -0.0409872 98.9232 -0.677636 0.733703 0.0498919 -134.095 0.0639697 -0.00877689 0.997913 10.9548
0.734641 0.677109 -0.0427335 99.6282 -0.675827 0.735881 0.0416825 -134.786 0.0596704 -0.00174132 0.998217 11.026
0.7366 0.675123 -0.0403698 100.26 -0.673973 0.737703 0.0394204 -135.423 0.0563945 -0.0018289 0.998407 11.0798
0.737152 0.674422 -0.0419783 100.981 -0.673578 0.738339 0.0339004 -135.998 0.0538574 0.00328592 0.998543 11.1441
0.738084 0.673516 -0.0400945 101.678 -0.672669 0.73917 0.0338406 -136.672 0.0524288 0.00199309 0.998623 11.2019
0.736995 0.674697 -0.0402708 102.361 -0.673868 0.738091 0.0335189 -137.198 0.0523387 0.00243397 0.998626 11.2342
0.73665 0.675162 -0.0387671 103.05 -0.67418 0.737669 0.0364 -137.852 0.0531732 -0.000677996 0.998585 11.3099
0.735829 0.676136 -0.0373633 103.729 -0.674957 0.736764 0.0401462 -138.465 0.0546723 -0.00432216 0.998495 11.3575
0.734004 0.678213 -0.0355713 104.47 -0.676849 0.734822 0.0437229 -139.134 0.055792 -0.00801634 0.99841 11.4371
0.732537 0.679846 -0.0346146 105.193 -0.678432 0.733295 0.044803 -139.769 0.0558418 -0.00933622 0.998396 11.4874
0.730097 0.682637 -0.0310647 105.855 -0.681161 0.730644 0.0466854 -140.389 0.0545664 -0.0129248 0.998426 11.5565
0.727996 0.684951 -0.0293939 106.569 -0.683501 0.728457 0.0466585 -141.046 0.053371 -0.0138765 0.998478 11.6109
0.725498 0.687717 -0.0264148 107.182 -0.686399 0.725835 0.0449427 -141.663 0.0500806 -0.0144747 0.99864 11.643
0.722582 0.690724 -0.0278509 107.868 -0.689564 0.723039 0.0414339 -142.31 0.0487567 -0.0107344 0.998753 11.6841
0.720025 0.693189 -0.0324522 108.597 -0.691912 0.720707 0.0428995 -142.946 0.053126 -0.00843465 0.998552 11.7817
0.716397 0.697014 -0.0307785 109.231 -0.694976 0.716801 0.0565993 -143.563 0.0615126 -0.0191572 0.997922 11.8251
0.713161 0.700324 -0.0307855 109.86 -0.697761 0.713397 0.0647581 -144.185 0.0673139 -0.024702 0.997426 11.9116
0.709134 0.704309 -0.0328318 110.545 -0.702075 0.709642 0.0591562 -144.838 0.0649631 -0.0188993 0.997709 11.9563
0.705655 0.708101 -0.025384 111.218 -0.706117 0.705745 0.0576388 -145.477 0.0587287 -0.022749 0.998015 12.0284
0.702778 0.711092 -0.0212303 111.83 -0.709282 0.702671 0.0563293 -146.09 0.0549732 -0.0245287 0.998186 12.0551
0.698998 0.714908 -0.0175798 112.511 -0.713031 0.698621 0.0592932 -146.765 0.0546708 -0.0289109 0.998086 12.1419
0.696668 0.717085 -0.0210416 113.105 -0.715297 0.696574 0.0559924 -147.45 0.0548083 -0.0239571 0.998209 12.18
0.69283 0.720812 -0.020425 113.699 -0.718929 0.692663 0.0579574 -148.05 0.055924 -0.0254705 0.99811 12.2475
0.689 0.724225 -0.0278845 114.353 -0.722331 0.689329 0.0553418 -148.707 0.0593015 -0.0179886 0.998078 12.2858
0.685396 0.727595 -0.0289517 114.944 -0.725575 0.685766 0.0571464 -149.321 0.0614335 -0.0181613 0.997946 12.3796
0.681568 0.731114 -0.0306271 115.572 -0.729112 0.682065 0.0564225 -150 0.0621409 -0.0161251 0.997937 12.4206
0.677744 0.734757 -0.0281932 116.178 -0.732683 0.678068 0.0583021 -150.687 0.0619548 -0.0188572 0.997901 12.489
0.672261 0.739659 -0.0311463 116.799 -0.737685 0.672823 0.0559477 -151.283 0.0623382 -0.0146353 0.997948 12.5508
0.666821 0.744702 -0.0277451 117.415 -0.74258 0.667129 0.059279 -151.956 0.0626547 -0.0189256 0.997856 12.5917
0.660618 0.750196 -0.0281096 118.001 -0.747657 0.660839 0.0655841 -152.612 0.0677768 -0.0223097 0.997451 12.6778
0.654624 0.755378 -0.0295068 118.639 -0.752452 0.654848 0.0706414 -153.315 0.0726835 -0.0240411 0.997065 12.7537
0.648461 0.760737 -0.0278803 119.217 -0.757534 0.648477 0.0749602 -153.96 0.0751048 -0.0274885 0.996797 12.8444
0.641657 0.766689 -0.0215492 119.834 -0.764036 0.641396 0.0697141 -154.702 0.0672706 -0.0282682 0.997334 12.8924
0.635482 0.772019 -0.0121975 120.41 -0.769933 0.634794 0.0651105 -155.397 0.0580095 -0.0319853 0.997804 12.9333
0.628465 0.77779 -0.0085913 120.99 -0.776103 0.627763 0.0598129 -156.159 0.0519152 -0.0309226 0.998173 13.004
0.621491 0.78342 -0.0014229 121.588 -0.781863 0.620368 0.0619172 -156.804 0.0493899 -0.0373685 0.99808 13.0355
0.614407 0.788983 -0.00312009 122.149 -0.787332 0.613367 0.0623689 -157.594 0.0511218 -0.0358633 0.998048 13.1205
0.606952 0.794666 -0.0107498 122.724 -0.792767 0.606343 0.0621962 -158.319 0.0559433 -0.029228 0.998006 13.1595
0.598934 0.800676 -0.0139678 123.358 -0.79815 0.59828 0.0708323 -159.094 0.0650704 -0.0312754 0.99739 13.266
0.592239 0.805547 -0.0186132 123.882 -0.802782 0.591876 0.0722736 -159.821 0.0692365 -0.0278609 0.997211 13.3346
0.585031 0.810786 -0.0191247 124.416 -0.80828 0.584832 0.0682237 -160.575 0.0664995 -0.0244548 0.997487 13.3793
0.577557 0.816098 -0.0202949 124.97 -0.813928 0.577579 0.0626356 -161.345 0.0628387 -0.019657 0.99783 13.4324
0.569729 0.821578 -0.0204748 125.509 -0.819567 0.569831 0.0600238 -162.116 0.0609813 -0.0174168 0.997987 13.5047
0.564094 0.825486 -0.019247 125.982 -0.823388 0.564102 0.0618164 -162.879 0.0618859 -0.0190225 0.997902 13.5629
0.557312 0.830023 -0.0215766 126.543 -0.827978 0.557507 0.0603202 -163.636 0.0620962 -0.0157522 0.997946 13.6408
0.55161 0.833761 -0.0238453 127.042 -0.832076 0.552036 0.0539078 -164.374 0.0581098 -0.009895 0.998261 13.6977
0.547176 0.836689 -0.0234545 127.507 -0.835187 0.547617 0.0507795 -165.113 0.0553307 -0.00819638 0.998434 13.7382
0.542987 0.839477 -0.021045 127.996 -0.83805 0.543313 0.0498228 -165.855 0.0532591 -0.00941639 0.998536 13.7938
0.538958 0.842121 -0.0188963 128.465 -0.840588 0.539149 0.0522463 -166.604 0.0541856 -0.0122745 0.998455 13.8804
0.535085 0.844528 -0.0213855 128.962 -0.84277 0.535382 0.0557119 -167.377 0.0584996 -0.0117875 0.998218 13.9336
0.532659 0.846014 -0.0231326 129.404 -0.843868 0.532995 0.061668 -168.057 0.0645015 -0.0133272 0.997829 14.0012
0.528227 0.848841 -0.0211079 129.892 -0.846562 0.528406 0.0641845 -168.805 0.0656359 -0.0160348 0.997715 14.0818
0.525684 0.850433 -0.0204708 130.282 -0.848475 0.525902 0.0593146 -169.484 0.0612087 -0.0138118 0.998029 14.1107
0.523348 0.851889 -0.0198294 130.761 -0.850391 0.523626 0.0514945 -170.246 0.0542508 -0.0100868 0.998476 14.1614
0.52161 0.852892 -0.0223158 131.209 -0.851664 0.522063 0.0460277 -170.977 0.0509069 -0.00500299 0.998691 14.2199
0.518406 0.854715 -0.0267781 131.616 -0.853572 0.519097 0.0442042 -171.652 0.0516824 -5.86644e-05 0.998664 14.2781
0.515357 0.856414 -0.0310165 131.995 -0.855216 0.51628 0.0453936 -172.369 0.0548889 0.0031319 0.998488 14.3168
0.513945 0.857196 -0.0327886 132.414 -0.855597 0.514989 0.0523532 -173.025 0.0617627 0.00114713 0.99809 14.3719
0.511088 0.858907 -0.0326657 132.901 -0.856693 0.512119 0.0617356 -173.756 0.0697538 -0.00356789 0.997558 14.4605
0.508892 0.86005 -0.036646 133.26 -0.857714 0.510209 0.0633523 -174.425 0.0731833 -0.000807696 0.997318 14.5277
0.506305 0.86167 -0.0343639 133.646 -0.859825 0.507469 0.0563598 -175.05 0.0660021 0.00101169 0.997819 14.5726
0.503682 0.86359 -0.0227339 134.063 -0.862201 0.504168 0.0492348 -175.726 0.0539804 -0.00519753 0.998528 14.5966
0.502278 0.864614 -0.0126466 134.441 -0.863496 0.502295 0.0455544 -176.348 0.0457393 -0.0119607 0.998882 14.6456
0.499764 0.866104 -0.00996154 134.845 -0.864937 0.499636 0.0474115 -177.045 0.0460404 -0.0150784 0.998826 14.714
0.496641 0.867825 -0.0150919 135.208 -0.866507 0.496741 0.0491403 -177.663 0.050142 -0.0113278 0.998678 14.7599
0.494398 0.869082 -0.0163441 135.593 -0.867623 0.494538 0.0516074 -178.317 0.0529338 -0.0113341 0.998534 14.8178
0.491218 0.870895 -0.0157249 135.976 -0.86949 0.491341 0.050698 -178.949 0.0518789 -0.0112311 0.99859 14.8499
0.48871 0.872316 -0.0150898 136.327 -0.870992 0.488821 0.0492579 -179.563 0.0503446 -0.0109297 0.998672 14.8982
0.486336 0.873639 -0.0152392 136.672 -0.872351 0.486465 0.048533 -180.202 0.0498137 -0.0103094 0.998705 14.9447
0.484483 0.874673 -0.0149537 136.989 -0.873321 0.484586 0.049868 -180.793 0.0508645 -0.0111009 0.998644 14.9903
0.47968 0.877281 -0.0168758 137.299 -0.875863 0.479881 0.0507692 -181.369 0.0526372 -0.00957208 0.998568 15.0348
0.475492 0.879533 -0.0181376 137.672 -0.878011 0.475752 0.0525164 -182.007 0.0548189 -0.00904614 0.998455 15.0823
0.471264 0.881796 -0.0186135 137.962 -0.880158 0.471539 0.0545244 -182.581 0.0568564 -0.00931259 0.998339 15.1177
0.465643 0.884729 -0.0207726 138.323 -0.88296 0.466038 0.0564831 -183.181 0.0596531 -0.00795957 0.998187 15.1607
0.460553 0.88736 -0.0220003 138.574 -0.885394 0.461009 0.0595612 -183.76 0.0629945 -0.00795213 0.997982 15.2111
0.453731 0.890801 -0.0245204 138.89 -0.888654 0.454348 0.0621478 -184.38 0.0665022 -0.00640828 0.997766 15.2632
0.447353 0.894042 -0.0237541 139.177 -0.891735 0.447916 0.0646498 -184.958 0.0684395 -0.00773893 0.997625 15.3107
0.440988 0.897305 -0.0193133 139.482 -0.894914 0.441246 0.0665697 -185.565 0.0682553 -0.0120727 0.997595 15.3616
0.434448 0.900562 -0.0156019 139.815 -0.898162 0.434459 0.0674516 -186.159 0.0675227 -0.0152911 0.997601 15.399
0.427587 0.903852 -0.014834 140.097 -0.901391 0.427548 0.0685347 -186.766 0.0682875 -0.0159333 0.997538 15.4562
0.420907 0.906982 -0.0148662 140.417 -0.904318 0.420841 0.0714239 -187.412 0.0710365 -0.016619 0.997335 15.5094
0.413304 0.910497 -0.0132202 140.708 -0.907515 0.413056 0.0761604 -188.046 0.0748045 -0.0194798 0.997008 15.5631
0.406128 0.913737 -0.0120171 141.041 -0.910519 0.405744 0.0795401 -188.658 0.0775546 -0.0213616 0.996759 15.6158
0.39938 0.91672 -0.0109213 141.243 -0.913344 0.398884 0.0818187 -189.303 0.0793612 -0.0227019 0.996587 15.6668
0.391354 0.92018 -0.0104912 141.582 -0.916614 0.390798 0.0842373 -189.967 0.0816134 -0.0233503 0.99639 15.7358
0.383755 0.923382 -0.00988264 141.874 -0.919638 0.383125 0.0864894 -190.618 0.083649 -0.0241023 0.996204 15.7896
0.376528 0.926322 -0.01244 142.127 -0.922506 0.376141 0.0866115 -191.346 0.0849093 -0.0211357 0.996164 15.8684
0.36887 0.929384 -0.0133881 142.414 -0.925605 0.368608 0.0859321 -192.01 0.0847989 -0.0193057 0.996211 15.9192
0.361778 0.932173 -0.0130502 142.688 -0.928584 0.361557 0.0837112 -192.751 0.0827517 -0.0181666 0.996405 15.99
0.35478 0.93489 -0.010596 142.975 -0.93158 0.35444 0.0808108 -193.444 0.0793049 -0.0187991 0.996673 16.0491
0.347615 0.937587 -0.00967804 143.291 -0.934592 0.347298 0.0769573 -194.21 0.0755153 -0.0177065 0.996987 16.1071
0.341966 0.939654 -0.0104585 143.552 -0.936931 0.341788 0.0730841 -194.931 0.0722483 -0.0151934 0.997271 16.2001
0.33614 0.941773 -0.00852548 143.807 -0.939438 0.335921 0.0679154 -195.692 0.0668248 -0.0148199 0.997655 16.2327
0.33004 0.943941 -0.00705306 144.055 -0.941979 0.32982 0.0623968 -196.456 0.0612251 -0.0139496 0.998026 16.2613
0.325503 0.945473 -0.0113441 144.325 -0.94349 0.325563 0.0619235 -197.25 0.0622402 -0.00945325 0.998016 16.3298
0.320378 0.947137 -0.0170268 144.597 -0.944657 0.320775 0.0687571 -198.053 0.0705842 -0.00594376 0.997488 16.3926
0.315299 0.948679 -0.0243739 144.855 -0.94533 0.316233 0.0796726 -198.84 0.0832916 -0.00207931 0.996523 16.4713
0.310218 0.950143 -0.0315099 145.149 -0.946236 0.311799 0.0861305 -199.619 0.0916611 0.00309658 0.995785 16.5557
0.304984 0.951627 -0.0372892 145.406 -0.948077 0.307088 0.082748 -200.441 0.0901963 0.0101162 0.995873 16.611
0.300629 0.952869 -0.0407838 145.711 -0.950046 0.302951 0.0750509 -201.3 0.0838692 0.0161839 0.996345 16.6904
0.296497 0.95407 -0.0428849 145.856 -0.951769 0.298895 0.0692705 -202.18 0.078907 0.020278 0.996676 16.731
0.29118 0.955807 -0.0405899 146.185 -0.95306 0.293503 0.0743895 -203.019 0.0830152 0.0170238 0.996403 16.8455
0.286561 0.957325 -0.0375606 146.406 -0.953724 0.288771 0.0837942 -203.841 0.0910647 0.0118103 0.995775 16.9174
0.28251 0.958659 -0.0340585 146.721 -0.954708 0.284448 0.0873001 -204.715 0.0933789 0.00785278 0.9956 17.0107
0.27719 0.96036 -0.0295751 146.953 -0.956761 0.278714 0.0832308 -205.599 0.0881745 0.0052255 0.996091 17.079
0.271155 0.962181 -0.0261295 147.237 -0.958866 0.27239 0.0798704 -206.462 0.0839672 0.00339747 0.996463 17.1455
0.266762 0.963444 -0.0247615 147.463 -0.960077 0.267899 0.0805097 -207.359 0.0842002 0.00229602 0.996446 17.2361
0.260928 0.965097 -0.0224528 147.747 -0.961361 0.261891 0.0848437 -208.234 0.0877626 -0.000552766 0.996141 17.3388
0.256193 0.966268 -0.0262908 147.979 -0.962545 0.257514 0.0848131 -209.123 0.0887224 0.00357756 0.99605 17.4064
0.252242 0.967208 -0.0297118 148.204 -0.963583 0.253877 0.0839875 -210.081 0.0887766 0.00744456 0.996024 17.4977
0.247397 0.968413 -0.0311689 148.458 -0.964919 0.249168 0.0827493 -210.948 0.0879017 0.00960351 0.996083 17.5775
0.244233 0.96916 -0.0328419 148.701 -0.965763 0.246153 0.0819181 -211.861 0.0874759 0.0117104 0.996098 17.6651
0.240693 0.970039 -0.0330408 148.929 -0.966742 0.24263 0.0808758 -212.796 0.0864693 0.0124757 0.996176 17.7599
0.239548 0.970423 -0.0299141 149.177 -0.967165 0.241212 0.0800598 -213.758 0.0849075 0.00975364 0.996341 17.8466
0.235976 0.971308 -0.0296164 149.422 -0.968229 0.237605 0.0779545 -214.692 0.0827548 0.0102801 0.996517 17.9297
0.233889 0.971897 -0.0266721 149.614 -0.968795 0.235282 0.0779617 -215.661 0.0820463 0.00760542 0.9966 18.0013
0.232504 0.972287 -0.0244806 149.85 -0.968958 0.233736 0.0805504 -216.524 0.0840401 0.00499232 0.99645 18.095
0.229926 0.97292 -0.0236764 150.124 -0.969472 0.231106 0.0819411 -217.505 0.0851939 0.00411317 0.996356 18.1815
0.229007 0.973107 -0.0248694 150.346 -0.969685 0.230291 0.0817204 -218.476 0.0852499 0.0054009 0.996345 18.2636
0.227527 0.973482 -0.0237591 150.568 -0.970151 0.228715 0.0806024 -219.387 0.0838991 0.00471067 0.996463 18.3873
0.225464 0.973961 -0.0238074 150.756 -0.970936 0.226644 0.0769135 -220.271 0.0803065 0.00577427 0.996753 18.4273
0.223679 0.974323 -0.0257412 150.971 -0.971615 0.224989 0.0731079 -221.229 0.0770222 0.00865778 0.996992 18.5523
0.222758 0.974549 -0.0251653 151.215 -0.971638 0.224046 0.0756522 -222.182 0.079365 0.00759946 0.996817 18.6071
0.220226 0.975156 -0.0239036 151.436 -0.971752 0.221457 0.0815786 -223.072 0.0848455 0.00526263 0.99638 18.7162
0.219227 0.975303 -0.0268978 151.631 -0.971629 0.220743 0.0849059 -224.012 0.0887465 0.00752101 0.996026 18.7821
0.216702 0.97594 -0.0241322 151.831 -0.972216 0.217985 0.0853193 -224.917 0.0885269 0.00497284 0.996061 18.8832
0.21342 0.976702 -0.0224789 152.103 -0.973243 0.214557 0.0822396 -225.867 0.0851466 0.00432585 0.996359 18.9787
0.211217 0.977224 -0.0205091 152.242 -0.974248 0.212175 0.0763049 -226.82 0.0789185 0.00386406 0.996874 19.0469
0.207097 0.978084 -0.0215226 152.468 -0.975439 0.208124 0.0721394 -227.744 0.0750378 0.00605415 0.997162 19.13
0.203419 0.978901 -0.0193146 152.666 -0.976243 0.204292 0.0722174 -228.649 0.0746395 0.00416529 0.997202 19.212
0.198376 0.979946 -0.0187882 152.825 -0.977164 0.199229 0.0738837 -229.571 0.0761452 0.00370242 0.99709 19.2909
0.19456 0.980701 -0.0192923 153.036 -0.977924 0.195463 0.0738882 -230.487 0.0762332 0.00449072 0.99708 19.3687
0.190533 0.981506 -0.018514 153.242 -0.978745 0.191387 0.073685 -231.405 0.0758656 0.00408102 0.99711 19.4467
0.186016 0.982349 -0.019695 153.445 -0.97973 0.186962 0.0719295 -232.323 0.0743421 0.00591578 0.997215 19.5243
0.182341 0.983073 -0.0178821 153.595 -0.980431 0.183163 0.0721566 -233.239 0.0742105 0.00437506 0.997233 19.6015
0.178541 0.983797 -0.0163038 153.763 -0.981118 0.179258 0.0726233 -234.159 0.0743692 0.0030297 0.997226 19.6816
0.174601 0.984556 -0.0127681 153.998 -0.98179 0.175067 0.0737567 -235.099 0.0748529 -0.00034243 0.997195 19.7689
0.170435 0.985309 -0.0108902 154.05 -0.982591 0.170773 0.0731512 -235.996 0.0739363 -0.00176693 0.997261 19.8288
0.16735 0.985876 -0.0064407 154.31 -0.983127 0.167366 0.0738277 -236.955 0.073863 -0.00602307 0.99725 19.909
0.163423 0.986555 -0.00152381 154.466 -0.983514 0.16304 0.0782167 -237.859 0.0774135 -0.0112837 0.996935 19.993
0.160924 0.986967 0.000646516 154.613 -0.983559 0.160314 0.0831282 -238.756 0.0819411 -0.0140132 0.996539 20.0688
0.157637 0.987493 0.00274488 154.754 -0.983903 0.156825 0.0856727 -239.685 0.0841707 -0.0162059 0.99632 20.1563
0.153656 0.988115 0.00442946 154.972 -0.984734 0.152756 0.083449 -240.588 0.0817806 -0.0171843 0.996502 20.2392
0.15097 0.988528 0.00446632 155.06 -0.98546 0.150142 0.0795378 -241.503 0.0779548 -0.0164092 0.996822 20.3154
0.147866 0.988993 0.00528476 155.21 -0.986124 0.147025 0.0770858 -242.42 0.0754603 -0.0166098 0.99701 20.3945
0.14403 0.989565 0.00399847 155.343 -0.986824 0.143327 0.0750762 -243.351 0.0737197 -0.014759 0.99717 20.4855
0.141829 0.989886 0.00326418 155.515 -0.987096 0.14118 0.0755582 -244.302 0.0743331 -0.0139384 0.997136 20.5582
0.136868 0.99058 0.00419167 155.648 -0.987697 0.136144 0.0769333 -245.184 0.075638 -0.0146698 0.997027 20.6211
0.132313 0.991194 0.00527134 155.78 -0.9881 0.131476 0.0798276 -246.081 0.0784316 -0.0157709 0.996795 20.713
0.126665 0.99194 -0.00324674 155.861 -0.989048 0.126544 0.0759673 -246.983 0.0757659 -0.00641122 0.997105 20.7748
0.12214 0.992501 -0.00485448 155.977 -0.990092 0.122183 0.0691998 -247.902 0.069274 -0.0036457 0.997591 20.8433
0.117194 0.993101 -0.00408507 156.087 -0.990596 0.117189 0.0706086 -248.821 0.0706002 -0.00422828 0.997496 20.9057
0.11247 0.99363 -0.00713014 156.176 -0.990265 0.112675 0.0817268 -249.663 0.0820096 -0.00213107 0.996629 21.0023
0.10692 0.994231 -0.00847709 156.299 -0.989675 0.107241 0.0950943 -250.545 0.0954548 -0.00177792 0.995432 21.0751
0.101315 0.994829 -0.00708753 156.374 -0.989906 0.101519 0.0988993 -251.424 0.0991074 -0.00300404 0.995072 21.1678
0.0960265 0.995377 -0.00179742 156.476 -0.990922 0.0957671 0.0943552 -252.31 0.0940912 -0.0072795 0.995537 21.2505
0.0918038 0.995777 0.000819298 156.578 -0.991976 0.0913815 0.08737 -253.238 0.0869262 -0.00883362 0.996176 21.344
0.0859943 0.996288 0.00386606 156.646 -0.992901 0.0853806 0.0828085 -254.081 0.082171 -0.0109597 0.996558 21.4124
0.0811517 0.996668 0.00820476 156.746 -0.993348 0.0802012 0.0826265 -254.992 0.0816931 -0.0148555 0.996547 21.5025
0.0738172 0.997183 0.013296 156.836 -0.994088 0.0725105 0.080818 -255.903 0.0796262 -0.0191832 0.99664 21.6001
0.0663411 0.997631 0.018188 156.876 -0.994962 0.0647685 0.0765254 -256.732 0.0751661 -0.0231732 0.996902 21.6533
0.059257 0.998037 0.0202542 156.957 -0.995685 0.0576414 0.0727277 -257.627 0.0714175 -0.0244765 0.997146 21.7274
0.0519777 0.998514 0.0163497 157.058 -0.995965 0.0506318 0.0740897 -258.497 0.0731518 -0.0201348 0.997118 21.8069
0.0463909 0.998796 0.0159276 157.031 -0.995942 0.0450157 0.0779239 -259.396 0.0771131 -0.019478 0.996832 21.8878
0.0394584 0.999128 0.0136116 157.067 -0.996032 0.0382414 0.0803585 -260.237 0.0797679 -0.0167284 0.996673 21.9566
0.0326758 0.999378 0.0132939 157.118 -0.996425 0.0315368 0.0783694 -261.119 0.0779014 -0.0158072 0.996836 22.0161
0.0265221 0.999526 0.0156539 157.151 -0.996825 0.0252679 0.075507 -261.986 0.0750756 -0.0176068 0.997022 22.0961
0.0212941 0.9997 0.0121352 157.154 -0.997014 0.0203326 0.0744993 -262.893 0.0742302 -0.0136854 0.997147 22.1585
0.0144666 0.999845 0.0100663 157.175 -0.99701 0.01366 0.0760495 -263.701 0.0759002 -0.0111364 0.997053 22.2348
0.0111532 0.999867 0.0119404 157.185 -0.99673 0.010161 0.0801578 -264.6 0.0800257 -0.0127953 0.996711 22.3139
0.00705489 0.999931 0.00943683 157.189 -0.996639 0.00626078 0.0816834 -265.435 0.0816186 -0.00998138 0.996614 22.384
0.00405871 0.999982 0.00452973 157.229 -0.996742 0.00368059 0.0805709 -266.326 0.0805527 -0.00484198 0.996739 22.4667
0.00158698 0.999996 0.002494 157.211 -0.996967 0.00138809 0.0778191 -267.171 0.0778153 -0.00260993 0.996964 22.5336
-0.000951909 0.999999 0.000761274 157.188 -0.997097 -0.0010071 0.0761299 -268.039 0.0761306 -0.000686596 0.997098 22.6127
-0.00158341 0.999998 -0.00129782 157.146 -0.997176 -0.0014815 0.0750792 -268.931 0.0750772 0.00141304 0.997177 22.6795
-0.00391666 0.999987 -0.00323801 157.23 -0.997059 -0.00365734 0.0765442 -269.72 0.0765314 0.00352829 0.997061 22.7563
-0.00387276 0.999978 -0.00531833 157.165 -0.996928 -0.00344481 0.0782436 -270.615 0.0782236 0.00560502 0.99692 22.8264
-0.00409497 0.999954 -0.00870931 157.206 -0.996801 -0.00338661 0.0798484 -271.471 0.0798152 0.00900843 0.996769 22.9043
-0.00336776 0.99994 -0.0104321 157.217 -0.996736 -0.00251515 0.0806898 -272.293 0.0806588 0.0106698 0.996685 22.9824
-0.00104474 0.999925 -0.012186 157.176 -0.996735 -5.74061e-05 0.0807423 -273.205 0.0807356 0.0122305 0.996661 23.0599
-4.21843e-05 0.999905 -0.0137864 157.179 -0.996734 0.00107123 0.0807446 -273.976 0.0807517 0.0137448 0.996639 23.1337
0.00253167 0.999881 -0.0152127 157.176 -0.996797 0.00373928 0.079885 -274.81 0.0799324 0.0149617 0.996688 23.2055
0.00434006 0.999857 -0.0163345 157.198 -0.996938 0.0056015 0.0779895 -275.605 0.0780699 0.0159461 0.99682 23.282
0.00759496 0.999836 -0.0164673 157.223 -0.997183 0.00880169 0.0744921 -276.41 0.0746248 0.0158551 0.997086 23.3565
0.0117806 0.999801 -0.0161013 157.212 -0.997328 0.0129094 0.0719018 -277.24 0.0720953 0.0152112 0.997282 23.4253
0.0150055 0.999768 -0.0154336 157.261 -0.997449 0.0160445 0.0695563 -277.976 0.0697878 0.0143505 0.997459 23.4894
0.0187285 0.999776 -0.00985346 157.268 -0.997389 0.0193695 0.0695739 -278.773 0.0697492 0.00852472 0.997528 23.5614
0.0231478 0.999701 -0.00790013 157.282 -0.997203 0.0236503 0.0709011 -279.495 0.0710667 0.00623682 0.997452 23.6218
0.0272831 0.999603 -0.00709321 157.294 -0.997045 0.0277217 0.0716388 -280.249 0.0718069 0.00511772 0.997405 23.6714
0.0306843 0.999497 -0.0079516 157.351 -0.997151 0.0311588 0.0687006 -280.996 0.0689139 0.00582092 0.997606 23.7402
0.0348067 0.999378 -0.00569387 157.325 -0.997241 0.0351049 0.0654009 -281.739 0.0655601 0.00340178 0.997843 23.7948
0.0388656 0.999237 -0.00378165 157.4 -0.997194 0.0390279 0.0638864 -282.48 0.0639852 0.00128806 0.99795 23.8456
0.0414614 0.999129 -0.00479471 157.446 -0.997028 0.0416851 0.0647905 -283.129 0.0649339 0.00209415 0.997887 23.9081
0.0461878 0.998921 -0.00493305 157.494 -0.996735 0.046413 0.0660745 -283.776 0.0662321 0.00186511 0.997802 23.9476
0.0503696 0.99872 -0.00470825 157.467 -0.996392 0.0505735 0.0681528 -284.543 0.0683036 0.00125843 0.997664 24.0089
0.052711 0.998604 -0.00332127 157.527 -0.996093 0.0528138 0.0707756 -285.136 0.0708523 -0.000422361 0.997487 24.0781
0.0562826 0.998414 -0.00116228 157.573 -0.995875 0.0562224 0.0712202 -285.785 0.0711726 -0.00285098 0.99746 24.113
0.0588997 0.998264 0.000779495 157.671 -0.995675 0.0586907 0.0720206 -286.415 0.0718498 -0.00501811 0.997403 24.1659
0.0630538 0.998007 0.00241614 157.687 -0.995374 0.0627112 0.0727853 -287.067 0.0724887 -0.00699435 0.997345 24.2058
0.0659398 0.997818 0.00334178 157.712 -0.995273 0.0655316 0.0716724 -287.632 0.071297 -0.00805205 0.997423 24.2744
0.0692164 0.997597 0.00308617 157.772 -0.99495 0.0688067 0.0730822 -288.256 0.0726942 -0.00812907 0.997321 24.3163
0.0724522 0.997345 0.00727767 157.82 -0.994509 0.0716898 0.0762418 -288.834 0.0755176 -0.0127616 0.997063 24.3738
0.0748374 0.997169 0.00732817 157.874 -0.994342 0.0740656 0.0761503 -289.374 0.0753919 -0.0129856 0.997069 24.4074
0.0779506 0.996915 0.00922893 157.953 -0.994155 0.0770347 0.0756395 -289.921 0.0746952 -0.0150711 0.997093 24.4752
0.0819722 0.996582 0.010248 158.007 -0.99384 0.0809686 0.0756711 -290.511 0.0745827 -0.0163878 0.99708 24.5162
0.084603 0.996368 0.00969054 158.049 -0.993595 0.0836284 0.0759999 -291.031 0.0749134 -0.0160583 0.997061 24.5681
0.0878247 0.996074 0.0111338 158.068 -0.993251 0.0867149 0.0770245 -291.545 0.0757566 -0.0178233 0.996967 24.6013
0.0902829 0.99585 0.0115035 158.132 -0.992971 0.0891222 0.0778881 -292.121 0.0765396 -0.0184546 0.996896 24.6612
0.0921532 0.995687 0.0107043 158.202 -0.992708 0.091028 0.0790193 -292.571 0.0777041 -0.0179082 0.996816 24.7078
0.0957049 0.995344 0.0114312 158.228 -0.992227 0.0944749 0.0809973 -293.091 0.0795402 -0.0190942 0.996649 24.7515
0.0961558 0.995288 0.0125128 158.297 -0.992114 0.0948186 0.0819736 -293.59 0.0804009 -0.0202963 0.996556 24.7911
0.0982092 0.995089 0.0123573 158.364 -0.991751 0.0968368 0.0839815 -294.093 0.0823724 -0.0205032 0.996391 24.8358
0.0994695 0.994952 0.0132597 158.389 -0.991552 0.0979971 0.0849732 -294.579 0.0832449 -0.0215999 0.996295 24.8824
0.0993828 0.994974 0.0122377 158.464 -0.991479 0.0979778 0.085847 -295.068 0.0842165 -0.0206651 0.996233 24.9239
0.0992238 0.994991 0.0121827 158.478 -0.991454 0.0978142 0.0863215 -295.535 0.0846975 -0.0206438 0.996193 24.9704
0.0985805 0.995024 0.0144939 158.564 -0.99158 0.0969894 0.0858084 -296.05 0.0839757 -0.0228309 0.996206 25.0062
0.0965549 0.995211 0.0152194 158.626 -0.991895 0.0949418 0.0844433 -296.561 0.082594 -0.0232495 0.996312 25.0509
0.0949764 0.995379 0.0141254 158.664 -0.99202 0.0934547 0.0846369 -297.06 0.0829257 -0.0220512 0.996312 25.1062
0.0924311 0.995655 0.011322 158.728 -0.991969 0.0910912 0.0877454 -297.575 0.0863328 -0.0193415 0.996079 25.15
0.0900109 0.995924 0.00586186 158.77 -0.991812 0.0891008 0.0914867 -298.071 0.0905914 -0.0140487 0.995789 25.2145
0.0875812 0.996153 0.00291215 158.786 -0.99154 0.0868937 0.0964241 -298.608 0.0958001 -0.0113325 0.995336 25.2559
0.0859781 0.996293 0.00290774 158.835 -0.991339 0.0852592 0.0998846 -299.16 0.0992664 -0.0114704 0.994995 25.293
0.0836961 0.996486 0.0033958 158.898 -0.991482 0.0829335 0.100431 -299.706 0.0997967 -0.0117726 0.994938 25.3257
0.0813679 0.996684 0.000198745 158.945 -0.991947 0.0809617 0.0974 -300.267 0.0970609 -0.00812237 0.995245 25.3975
0.0795008 0.996803 -0.00797356 158.964 -0.992581 0.0798972 0.0916504 -300.849 0.0919944 0.000628121 0.995759 25.484
0.0775529 0.99694 -0.00985644 158.995 -0.992805 0.0781285 0.0907458 -301.452 0.0912382 0.00274792 0.995825 25.5393
0.0748555 0.997177 -0.00587897 159.051 -0.992746 0.0750766 0.0939119 -302.017 0.0940882 -0.0011935 0.995563 25.5802
0.072544 0.99736 -0.00308461 159.123 -0.992707 0.0725034 0.0963074 -302.638 0.0962768 -0.0039244 0.995347 25.6198
0.0708888 0.997459 -0.00715697 159.154 -0.992953 0.071248 0.0946991 -303.254 0.0949684 0.000393428 0.99548 25.6888
0.0699014 0.997484 -0.011806 159.204 -0.993176 0.0706974 0.0927572 -303.877 0.0933585 0.00524158 0.995619 25.7548
0.0678882 0.997611 -0.0127847 159.241 -0.993343 0.068782 0.0924098 -304.546 0.0930684 0.00642609 0.995639 25.8269
0.065792 0.997789 -0.00940642 159.288 -0.993374 0.0663852 0.0938122 -305.175 0.0942293 0.003172 0.995545 25.8837
0.0638113 0.997932 -0.007796 159.326 -0.993341 0.0642648 0.0956252 -305.864 0.0959284 0.00164212 0.995387 25.9412
0.0626092 0.99802 -0.00596123 159.387 -0.993096 0.0628917 0.0990165 -306.515 0.0991953 -0.000279268 0.995068 25.9984
0.0607739 0.998127 -0.00703101 159.441 -0.993025 0.0611733 0.100788 -307.2 0.10103 0.000856662 0.994883 26.0754
0.0592357 0.998236 -0.00396326 159.474 -0.993247 0.0593354 0.0997021 -307.912 0.0997614 -0.00196943 0.995009 26.1412
0.0573821 0.998352 -5.59409e-05 159.544 -0.993455 0.0571062 0.0989267 -308.584 0.0987669 -0.00562105 0.995095 26.2126
0.0550926 0.99848 0.00174128 159.568 -0.993475 0.0546419 0.100104 -309.3 0.099857 -0.00724493 0.994975 26.2753
0.0535443 0.998563 -0.00223442 159.594 -0.993062 0.0534837 0.104723 -310.004 0.104692 -0.00338839 0.994499 26.3672
0.0517179 0.998653 -0.0042679 159.643 -0.992482 0.0518721 0.110857 -310.75 0.110929 -0.00149745 0.993827 26.4415
0.0506995 0.998707 -0.00384227 159.687 -0.992094 0.0508052 0.114754 -311.458 0.114801 -0.00200609 0.993386 26.4977
0.0493715 0.99876 -0.00644349 159.72 -0.992404 0.0497831 0.112498 -312.222 0.112679 0.000840375 0.993631 26.587
0.0480854 0.998774 -0.0117693 159.763 -0.993142 0.0490648 0.106117 -313 0.106564 0.00658592 0.994284 26.6988
0.046997 0.998787 -0.0147126 159.768 -0.993475 0.0482691 0.103329 -313.755 0.103913 0.00976049 0.994538 26.7847
0.0465372 0.998781 -0.0164338 159.796 -0.993394 0.0480012 0.104232 -314.539 0.104894 0.0114745 0.994417 26.8677
0.0445041 0.998859 -0.01733 159.84 -0.993291 0.0460962 0.106062 -315.287 0.10674 0.0124936 0.994209 26.9315
0.0434243 0.998898 -0.0178089 159.864 -0.993213 0.0450886 0.107212 -316.095 0.107896 0.0130324 0.994077 27.0214
0.0435529 0.998855 -0.0197736 159.935 -0.993273 0.0454181 0.106516 -316.904 0.107292 0.0150015 0.994114 27.1134
0.0443723 0.998818 -0.0198259 159.957 -0.993438 0.0462099 0.104617 -317.712 0.105409 0.0150537 0.994315 27.1949
0.045241 0.998766 -0.0204899 159.979 -0.993518 0.0471254 0.103444 -318.482 0.104282 0.0156772 0.994424 27.28
0.046617 0.998699 -0.0206698 160.046 -0.993544 0.048499 0.102557 -319.35 0.103426 0.0157555 0.994512 27.3842
0.0484868 0.998607 -0.0207887 160.069 -0.993581 0.0503515 0.1013 -320.195 0.102205 0.0157435 0.994639 27.4534
0.0501144 0.998513 -0.0214509 160.111 -0.993686 0.0520078 0.0994109 -321.004 0.100379 0.0163336 0.994815 27.5444
0.0519058 0.998382 -0.0232305 160.184 -0.993693 0.0539494 0.0983045 -321.805 0.0993987 0.0179814 0.994885 27.6324
0.0539515 0.998261 -0.0237694 160.208 -0.993619 0.0560315 0.0978898 -322.717 0.0990513 0.0183365 0.994913 27.728
0.0555543 0.998153 -0.0245976 160.248 -0.993469 0.0577191 0.0984224 -323.608 0.0996603 0.0189692 0.994841 27.8079
0.0592369 0.997888 -0.0266527 160.329 -0.993348 0.0615665 0.0973151 -324.397 0.0987505 0.0207107 0.994897 27.8929
0.0613467 0.997706 -0.0286271 160.372 -0.993312 0.0638371 0.0962125 -325.27 0.0978192 0.0225333 0.994949 27.9796
0.0641186 0.997451 -0.0313175 160.427 -0.993207 0.0668364 0.0952479 -326.161 0.0970983 0.0249976 0.994961 28.0738
0.0675746 0.997184 -0.0325262 160.512 -0.992904 0.0704105 0.0958358 -327.042 0.0978561 0.0258193 0.994866 28.1644
0.0696267 0.997015 -0.0333603 160.542 -0.992694 0.0725509 0.0964131 -327.922 0.0985456 0.0264037 0.994782 28.2471
0.0728786 0.996811 -0.0325083 160.614 -0.992364 0.0757285 0.097355 -328.85 0.0995064 0.0251649 0.994719 28.3547
0.0762016 0.996621 -0.0306675 160.716 -0.991989 0.0788835 0.0986625 -329.755 0.100748 0.0229036 0.994648 28.4373
0.0783229 0.996499 -0.0292433 160.779 -0.991724 0.0808739 0.0997169 -330.631 0.101733 0.0211911 0.994586 28.5258
0.0815406 0.9963 -0.0271703 160.88 -0.991407 0.0838777 0.10038 -331.573 0.102288 0.0187518 0.994578 28.6185
0.0832109 0.996181 -0.0264632 160.948 -0.991383 0.0854478 0.0992888 -332.435 0.101171 0.0179733 0.994707 28.7195
0.0842545 0.996062 -0.0275991 161.052 -0.991551 0.0865502 0.0966239 -333.371 0.0986321 0.0192249 0.994938 28.8267
0.0857404 0.99595 -0.0270656 161.119 -0.991682 0.0879274 0.0939988 -334.305 0.0959979 0.018781 0.995204 28.9159
0.087056 0.995804 -0.0282033 161.194 -0.991592 0.0893392 0.0936134 -335.209 0.0957402 0.0198166 0.995209 29.0019
0.0878024 0.995681 -0.0301653 161.294 -0.991383 0.0902984 0.094895 -336.11 0.097209 0.0215734 0.99503 29.1215
0.0886104 0.995642 -0.0290791 161.394 -0.991339 0.0909932 0.0946984 -337.063 0.0969317 0.020436 0.995081 29.1943
0.0891533 0.995662 -0.0266277 161.489 -0.991458 0.0912686 0.0931701 -337.994 0.0951962 0.0180938 0.995294 29.29
0.0885113 0.995765 -0.0248384 161.571 -0.991689 0.0904318 0.0915203 -338.934 0.0933789 0.0165313 0.995493 29.3937
0.0884813 0.995813 -0.0229874 161.66 -0.991623 0.0902422 0.0924088 -339.808 0.0940963 0.0146183 0.995456 29.4771
0.0898276 0.995698 -0.0227251 161.764 -0.991413 0.0915716 0.0933525 -340.74 0.0950318 0.0141443 0.995374 29.5771
0.0892923 0.99576 -0.0221035 161.87 -0.991486 0.090977 0.0931616 -341.672 0.0947775 0.0135967 0.995406 29.678
0.0901217 0.995699 -0.0214645 161.91 -0.991318 0.0917554 0.0941794 -342.541 0.0957438 0.0127906 0.995324 29.7623
0.0903061 0.995679 -0.0216272 162.036 -0.991265 0.0919592 0.09454 -343.451 0.0961203 0.0129008 0.995286 29.8623
0.0903901 0.995692 -0.0206454 162.085 -0.991254 0.0919499 0.0946584 -344.347 0.096149 0.0119087 0.995296 29.9527
0.0910438 0.995633 -0.020628 162.176 -0.991315 0.0925839 0.0933946 -345.236 0.0948966 0.0119458 0.995415 30.0244
0.0915125 0.995586 -0.0208284 162.25 -0.991234 0.0930741 0.0937641 -346.145 0.0952888 0.0120652 0.995377 30.1454
0.0917179 0.995571 -0.0206586 162.305 -0.990983 0.0932909 0.0961694 -346.987 0.0976707 0.0116519 0.995151 30.2071
0.0925063 0.995426 -0.0238864 162.437 -0.99077 0.0944078 0.0972713 -347.924 0.0990814 0.0146678 0.994971 30.3292
0.0930588 0.995309 -0.0264419 162.524 -0.990968 0.0951629 0.0944794 -348.842 0.0965526 0.017411 0.995176 30.4072
0.0948396 0.995083 -0.0285556 162.642 -0.991086 0.097077 0.0912431 -349.743 0.0935666 0.0196476 0.995419 30.502
0.0959997 0.994866 -0.0320318 162.687 -0.990787 0.0985954 0.0928431 -350.637 0.0955246 0.0228238 0.995165 30.5909
0.0991434 0.994352 -0.0378733 162.772 -0.98992 0.102427 0.0978109 -351.465 0.101138 0.0277943 0.994484 30.6745
0.101711 0.993927 -0.0419885 162.864 -0.989274 0.105503 0.101024 -352.387 0.10484 0.0312629 0.993998 30.7802
0.104673 0.993452 -0.0457946 162.961 -0.988981 0.108828 0.100367 -353.316 0.104693 0.0347843 0.993896 30.8858
0.108081 0.993008 -0.0474828 163.102 -0.988615 0.112387 0.100046 -354.192 0.104683 0.0361292 0.993849 30.9667
0.111463 0.992622 -0.0477262 163.173 -0.98798 0.115862 0.102335 -355.081 0.10711 0.035746 0.993604 31.0746
0.114732 0.992206 -0.0486184 163.253 -0.987553 0.119221 0.102597 -355.983 0.107594 0.0362421 0.993534 31.1817
0.11866 0.991809 -0.0472746 163.378 -0.987502 0.122851 0.098731 -356.87 0.10373 0.0349683 0.993991 31.2746
0.123397 0.991292 -0.0459758 163.497 -0.987326 0.127299 0.0947729 -357.72 0.0998002 0.0336984 0.994437 31.3654
0.12882 0.990706 -0.043669 163.609 -0.986789 0.132424 0.0933296 -358.655 0.0982451 0.0310694 0.994677 31.4647
0.133145 0.99018 -0.0426091 163.747 -0.986274 0.13661 0.0927437 -359.552 0.0976538 0.0296759 0.994778 31.5662
0.138084 0.989562 -0.0412287 163.848 -0.985645 0.141382 0.0922756 -360.462 0.0971415 0.0278951 0.99488 31.6641
0.145114 0.988594 -0.0402936 164.015 -0.984637 0.148291 0.0921946 -361.358 0.0971182 0.0262958 0.994925 31.758
0.1528 0.987522 -0.0381163 164.126 -0.983325 0.155773 0.0938425 -362.237 0.098609 0.0231416 0.994857 31.8485
0.160804 0.9863 -0.0368148 164.301 -0.981957 0.163634 0.0947893 -363.094 0.0995148 0.0209081 0.994816 31.9354
0.170748 0.984648 -0.0362514 164.461 -0.980158 0.173498 0.0958611 -363.969 0.100679 0.019164 0.994734 32.0278
0.17962 0.983103 -0.0352761 164.618 -0.978514 0.182242 0.0964284 -364.866 0.101228 0.0171976 0.994715 32.1221
0.189229 0.981311 -0.0349366 164.794 -0.976674 0.191773 0.0965921 -365.761 0.101487 0.0158437 0.994711 32.225
0.198068 0.979599 -0.0339695 164.973 -0.974918 0.200474 0.0966658 -366.659 0.101504 0.0139711 0.994737 32.3226
0.207836 0.977596 -0.0333255 165.183 -0.972917 0.210125 0.0963297 -367.559 0.101174 0.0124022 0.994791 32.4188
0.215047 0.976059 -0.0326226 165.386 -0.971396 0.217226 0.0959329 -368.411 0.100723 0.0110594 0.994853 32.5206
0.223182 0.974263 -0.0316543 165.597 -0.969595 0.225222 0.0957118 -369.297 0.100378 0.00933069 0.994906 32.6177
0.229162 0.972911 -0.030465 165.788 -0.96818 0.231058 0.0961249 -370.166 0.10056 0.00746739 0.994903 32.7083
0.234339 0.971673 -0.0306083 166.007 -0.966893 0.236226 0.0965133 -371.046 0.10101 0.00697813 0.994861 32.8087
0.239354 0.970475 -0.0298083 166.218 -0.96569 0.241136 0.0964229 -371.928 0.100764 0.00570632 0.994894 32.904
0.243638 0.969447 -0.0285162 166.442 -0.964589 0.245271 0.0970082 -372.84 0.101038 0.00387149 0.994875 33.0069
0.247346 0.968479 -0.0294661 166.71 -0.963663 0.249054 0.0965691 -373.706 0.100864 0.00450939 0.99489 33.1008
0.25208 0.96726 -0.0294011 166.923 -0.962409 0.253759 0.0968221 -374.581 0.101113 0.00388904 0.994867 33.2075
0.256567 0.966067 -0.0297842 167.166 -0.961236 0.258261 0.0965776 -375.466 0.100993 0.00385099 0.99488 33.2926
0.261307 0.964802 -0.0295856 167.402 -0.960092 0.262953 0.0952807 -376.356 0.0997067 0.00350741 0.995011 33.4004
0.265597 0.963654 -0.0288118 167.65 -0.959093 0.267141 0.0936882 -377.233 0.0979798 0.00274992 0.995185 33.49
0.27084 0.962186 -0.0290577 167.897 -0.957826 0.272377 0.0915421 -378.132 0.0959951 0.00303893 0.995377 33.5882
0.27465 0.961107 -0.0289927 168.149 -0.956947 0.276158 0.0893815 -378.998 0.0939117 0.00319584 0.995575 33.6772
0.279481 0.959757 -0.0275163 168.405 -0.955748 0.280827 0.0876444 -379.879 0.0918446 0.00180364 0.995772 33.7754
0.283666 0.958513 -0.0280465 168.683 -0.954475 0.285044 0.087911 -380.733 0.0922583 0.00183227 0.995733 33.8632
0.288286 0.95715 -0.0274849 168.95 -0.952817 0.289593 0.0909746 -381.592 0.0950358 -3.85998e-05 0.995474 33.9583
0.292673 0.955853 -0.0262219 169.222 -0.951203 0.293833 0.0942024 -382.45 0.0977485 -0.00262817 0.995208 34.0558
0.296939 0.954556 -0.025485 169.473 -0.949812 0.298003 0.095134 -383.273 0.0984054 -0.004043 0.995138 34.1368
0.300727 0.953451 -0.0222367 169.725 -0.949103 0.301482 0.0911718 -384.097 0.0936318 -0.00631283 0.995587 34.2268
0.302933 0.95283 -0.0186198 170.026 -0.948728 0.303364 0.0888031 -384.961 0.0902628 -0.00923628 0.995875 34.3183
0.304868 0.952279 -0.0148226 170.305 -0.94811 0.304934 0.0900127 -385.818 0.0902372 -0.0133885 0.99583 34.404
0.306225 0.951866 -0.0132781 170.572 -0.947273 0.306071 0.0948347 -386.597 0.094334 -0.0164628 0.995404 34.4903
0.306669 0.951727 -0.0130357 170.881 -0.94671 0.306412 0.099262 -387.419 0.0984646 -0.0180995 0.994976 34.5767
0.30752 0.951467 -0.0119355 171.119 -0.946424 0.307141 0.0997303 -388.228 0.098556 -0.0193729 0.994943 34.6668
0.307974 0.951363 -0.00778695 171.412 -0.94673 0.307264 0.0963921 -389.093 0.0940965 -0.0223141 0.995313 34.7614
0.308727 0.951142 -0.00398855 171.667 -0.94695 0.307754 0.0925864 -389.866 0.0892903 -0.0248069 0.995697 34.8323
0.308898 0.951093 -0.00217596 171.944 -0.94716 0.307827 0.0901714 -390.693 0.0864312 -0.0257928 0.995924 34.9193
0.307871 0.951426 -0.00189662 172.206 -0.94755 0.306796 0.0895822 -391.49 0.0858127 -0.0257827 0.995978 35.009
0.308019 0.951377 -0.00247988 172.499 -0.947405 0.306969 0.0905168 -392.276 0.0868769 -0.0255314 0.995892 35.0875
0.307351 0.951592 -0.00275397 172.763 -0.947537 0.306305 0.0913771 -393.079 0.0877973 -0.0254753 0.995813 35.1624
0.306115 0.951968 -0.007178 173.007 -0.948062 0.305526 0.0884962 -393.874 0.0864385 -0.0202848 0.996051 35.2341
0.306647 0.951783 -0.0087916 173.259 -0.948044 0.306239 0.0862036 -394.696 0.0847395 -0.0180993 0.996239 35.3218
0.305888 0.952026 -0.00891565 173.523 -0.948142 0.305463 0.0878555 -395.463 0.0863641 -0.0184206 0.996093 35.3957
0.305257 0.952195 -0.0119537 173.781 -0.94787 0.305028 0.0921973 -396.275 0.091436 -0.0168134 0.995669 35.486
0.305303 0.952139 -0.0149102 174.059 -0.947333 0.305278 0.096779 -397.048 0.0966988 -0.015422 0.995194 35.5759
0.304865 0.952305 -0.0131651 174.317 -0.947566 0.30468 0.0963752 -397.879 0.0957897 -0.0169066 0.995258 35.6394
0.304526 0.952421 -0.0126166 174.561 -0.948048 0.304354 0.0925983 -398.666 0.0920325 -0.0162375 0.995624 35.7254
0.304474 0.952454 -0.0112902 174.824 -0.9481 0.30418 0.0926287 -399.502 0.0916588 -0.0174988 0.995637 35.8112
0.304152 0.95254 -0.0126124 175.096 -0.948063 0.303964 0.0937206 -400.301 0.0931063 -0.016548 0.995519 35.8895
0.304429 0.952425 -0.014494 175.384 -0.947658 0.304373 0.0964423 -401.104 0.0962656 -0.0156245 0.995233 35.9816
0.304922 0.952248 -0.015713 175.635 -0.947336 0.304962 0.0977333 -401.945 0.0978582 -0.0149156 0.995089 36.0646
0.304404 0.952411 -0.0158841 175.928 -0.947628 0.304483 0.0963911 -402.793 0.0966404 -0.0142896 0.995217 36.1462
0.304994 0.952223 -0.0157954 176.189 -0.947668 0.305094 0.0940397 -403.624 0.0943659 -0.0137128 0.995443 36.229
0.304553 0.952318 -0.0184001 176.465 -0.947783 0.304909 0.0934767 -404.51 0.0946299 -0.0110293 0.995451 36.3319
0.305493 0.951911 -0.0232457 176.751 -0.947364 0.306308 0.0931468 -405.386 0.0957878 -0.00643351 0.995381 36.4151
0.305779 0.951711 -0.0272966 177.021 -0.947186 0.306985 0.0927263 -406.228 0.0966283 -0.00249883 0.995317 36.5092
0.30666 0.951352 -0.0298046 177.286 -0.946958 0.308105 0.0913392 -407.087 0.0960787 0.000213644 0.995374 36.584
0.308034 0.950747 -0.0345673 177.585 -0.946497 0.309927 0.0899384 -407.987 0.096222 0.00501375 0.995347 36.6969
0.308905 0.950281 -0.0392781 177.856 -0.946248 0.311232 0.0880252 -408.83 0.0958734 0.00997542 0.995344 36.7971
0.309303 0.95025 -0.0368365 178.139 -0.94643 0.311376 0.0855258 -409.681 0.0927409 0.00840977 0.995655 36.8694
0.309992 0.950183 -0.032509 178.439 -0.946772 0.311638 0.0806515 -410.572 0.0867648 0.00577729 0.996212 36.9398
0.311324 0.949742 -0.0326694 178.745 -0.946709 0.312951 0.0761886 -411.418 0.0825834 0.00720902 0.996558 37.0306
0.311367 0.949705 -0.0333295 179.012 -0.946625 0.313053 0.0768093 -412.279 0.08338 0.00763458 0.996489 37.1194
0.312212 0.949412 -0.0337882 179.279 -0.946023 0.31396 0.0804335 -413.14 0.0869726 0.00685216 0.996187 37.2089
0.312456 0.949273 -0.0353701 179.589 -0.945771 0.314353 0.0818473 -413.981 0.0888142 0.00787831 0.996017 37.3068
0.312766 0.949103 -0.0371636 179.852 -0.945777 0.314804 0.080034 -414.802 0.0876597 0.0101166 0.996099 37.3799
0.314289 0.948547 -0.0384953 180.133 -0.945461 0.316407 0.0773952 -415.691 0.0855932 0.0120714 0.996257 37.4727
0.314597 0.948475 -0.0377469 180.4 -0.945487 0.316636 0.07613 -416.531 0.0841594 0.0117389 0.996383 37.548
0.314277 0.948637 -0.0362999 180.691 -0.945569 0.316203 0.0769106 -417.37 0.0844384 0.0101529 0.996377 37.6434
0.313709 0.948846 -0.0357541 180.981 -0.945758 0.315593 0.077095 -418.175 0.084435 0.00962937 0.996382 37.7184
0.314202 0.948653 -0.0365352 181.271 -0.945773 0.316124 0.0746876 -418.98 0.0824023 0.011087 0.996537 37.7935
0.312514 0.949197 -0.0368871 181.506 -0.946524 0.314442 0.0722378 -419.764 0.0801668 0.0123392 0.996705 37.8809
0.311792 0.949471 -0.0359254 181.787 -0.946908 0.313627 0.0707323 -420.574 0.0784254 0.0119643 0.996848 37.9572
0.310578 0.949843 -0.0365979 182.037 -0.947341 0.312461 0.0700959 -421.34 0.0780155 0.0129005 0.996869 38.0269
0.308725 0.950368 -0.0385864 182.27 -0.947796 0.310787 0.0713668 -422.087 0.0798169 0.0145393 0.996704 38.1011
0.307765 0.950626 -0.0398775 182.524 -0.947738 0.309995 0.0754659 -422.837 0.0841018 0.0145676 0.996351 38.174
0.306705 0.951013 -0.0387974 182.784 -0.947596 0.308924 0.081414 -423.642 0.0894112 0.0117942 0.995925 38.2565
0.30449 0.951713 -0.0391035 183.02 -0.947917 0.306793 0.0856208 -424.343 0.0934831 0.0109962 0.99556 38.3432
0.304052 0.951846 -0.0392579 183.272 -0.947928 0.306386 0.0869496 -425.123 0.0947907 0.0107765 0.995439 38.4274
0.302282 0.95245 -0.0382579 183.505 -0.948883 0.304488 0.0831187 -425.841 0.0908155 0.011177 0.995805 38.4837
0.301051 0.952898 -0.0367906 183.759 -0.949709 0.303082 0.0787021 -426.605 0.0861456 0.011247 0.996219 38.5507
0.300738 0.952958 -0.0377742 183.98 -0.949928 0.302834 0.0769959 -427.34 0.0848132 0.0127271 0.996316 38.6347
0.299542 0.953275 -0.0392607 184.201 -0.95026 0.30177 0.0770774 -428.031 0.0853237 0.0142199 0.996252 38.7166
0.299167 0.953374 -0.0397084 184.447 -0.950197 0.301462 0.0790333 -428.777 0.0873189 0.0140866 0.996081 38.7788
0.298833 0.953439 -0.0406539 184.675 -0.950194 0.301226 0.0799698 -429.494 0.0884923 0.0147315 0.995968 38.8519
0.299028 0.953345 -0.0414199 184.903 -0.950108 0.301488 0.0799975 -430.211 0.0887529 0.0154319 0.995934 38.9259
0.298223 0.953469 -0.0442694 185.131 -0.950197 0.300957 0.0809309 -430.929 0.0904882 0.0179292 0.995736 39.0001
0.298181 0.953489 -0.0441184 185.358 -0.950079 0.300928 0.0824174 -431.646 0.0918606 0.0173406 0.995621 39.0756
0.299199 0.953168 -0.0441781 185.585 -0.949647 0.301968 0.0835867 -432.363 0.0930125 0.0169445 0.995521 39.1521
0.297387 0.953718 -0.0445271 185.813 -0.950225 0.300193 0.0834117 -433.081 0.092918 0.0175052 0.99552 39.2295
0.298644 0.953331 -0.0444131 186.041 -0.949878 0.301425 0.0829133 -433.839 0.092431 0.0174255 0.995567 39.308
0.299735 0.952969 -0.044821 186.304 -0.949689 0.302517 0.0810799 -434.594 0.0908257 0.0182635 0.995699 39.3811
0.301375 0.952436 -0.0451494 186.532 -0.949328 0.304146 0.0791921 -435.313 0.0891574 0.0189951 0.995836 39.4535
0.302557 0.952059 -0.0451906 186.761 -0.949186 0.305275 0.0765091 -436.032 0.0866368 0.0197459 0.996044 39.5246
0.304086 0.951564 -0.0453574 186.99 -0.948792 0.30679 0.0753229 -436.71 0.0855898 0.0201302 0.996127 39.591
0.306022 0.951002 -0.0441097 187.212 -0.948133 0.308629 0.0761093 -437.425 0.0859936 0.0185307 0.996123 39.6716
0.307767 0.95051 -0.0425422 187.441 -0.947468 0.310261 0.0777376 -438.1 0.0870896 0.0163823 0.996066 39.7419
0.309898 0.949814 -0.0426259 187.677 -0.946706 0.312403 0.0784314 -438.815 0.0878117 0.0160485 0.996008 39.8182
0.311989 0.949164 -0.0418533 187.885 -0.946072 0.314414 0.0780537 -439.481 0.087245 0.0152444 0.99607 39.879
0.313213 0.948823 -0.0404063 188.109 -0.945763 0.315499 0.0774091 -440.152 0.0861957 0.0139692 0.99618 39.9531
0.314062 0.948612 -0.0387264 188.32 -0.945616 0.316189 0.0763816 -440.789 0.0847014 0.0126317 0.996326 40.0186
0.315234 0.948234 -0.0384649 188.552 -0.945291 0.317326 0.0756874 -441.401 0.0839753 0.0125013 0.996389 40.0865
0.316909 0.947692 -0.0380553 188.755 -0.944746 0.318961 0.0756246 -442.067 0.083807 0.0119864 0.99641 40.1549
0.317895 0.947343 -0.0385198 188.969 -0.9444 0.319982 0.0756302 -442.699 0.0839734 0.0123357 0.996392 40.2206
0.318954 0.946965 -0.0390565 189.171 -0.944057 0.321078 0.0752616 -443.282 0.0838103 0.0128667 0.996399 40.2748
0.319648 0.946668 -0.040548 189.373 -0.943826 0.321888 0.0746971 -443.865 0.0837653 0.0143935 0.996382 40.329
0.320754 0.946323 -0.0398736 189.576 -0.943418 0.322943 0.0752976 -444.448 0.0841327 0.0134655 0.996364 40.3831
0.321986 0.945887 -0.0402843 189.779 -0.942979 0.324206 0.0753691 -445.03 0.0843511 0.0137194 0.996342 40.4376
0.323671 0.945348 -0.039437 189.995 -0.942404 0.325817 0.0756105 -445.626 0.0843274 0.0126927 0.996357 40.5107
0.324268 0.945157 -0.0391026 190.182 -0.942181 0.326388 0.0759291 -446.148 0.0845276 0.0122203 0.996346 40.5693
0.325152 0.944852 -0.0391165 190.379 -0.941914 0.327265 0.0754652 -446.715 0.0841049 0.0123067 0.996381 40.6286
0.326408 0.944474 -0.0377694 190.56 -0.941526 0.328403 0.0753716 -447.245 0.0835901 0.0109589 0.99644 40.6887
0.326912 0.944357 -0.0363137 190.767 -0.941472 0.328775 0.0744207 -447.782 0.0822187 0.00985926 0.996566 40.7391
0.327521 0.944169 -0.0357087 190.944 -0.941353 0.329324 0.0734915 -448.274 0.0811481 0.00954444 0.996656 40.7796
0.328592 0.943718 -0.0377291 191.121 -0.940971 0.330549 0.0728818 -448.766 0.0812512 0.0115536 0.996627 40.8196
0.328579 0.943732 -0.0374884 191.285 -0.940922 0.330524 0.0736132 -449.279 0.081862 0.011086 0.996582 40.8837
0.330023 0.943256 -0.0367768 191.448 -0.940142 0.33194 0.0771281 -449.792 0.0849593 0.00912136 0.996343 40.948
0.32973 0.943364 -0.036638 191.626 -0.940047 0.331657 0.0794674 -450.208 0.0871179 0.00823867 0.996164 40.9786
0.331052 0.942895 -0.0367954 191.787 -0.93934 0.333009 0.0821334 -450.699 0.0896963 0.0073729 0.995942 41.0288
0.331887 0.942517 -0.0388904 191.954 -0.938937 0.334034 0.082573 -451.164 0.0908171 0.00911071 0.995826 41.0797
0.331864 0.942466 -0.0402932 192.092 -0.938916 0.334137 0.0823925 -451.584 0.0911156 0.0104888 0.995785 41.122
0.331208 0.942714 -0.039886 192.254 -0.939278 0.333433 0.081112 -452.006 0.0897647 0.0105991 0.995907 41.171
0.331009 0.942888 -0.0373624 192.443 -0.939519 0.333 0.0800897 -452.441 0.0879573 0.0085923 0.996087 41.2151
0.329634 0.9434 -0.0365904 192.555 -0.940127 0.331553 0.0789608 -452.844 0.0866232 0.00837142 0.996206 41.2636
0.327786 0.944045 -0.036546 192.685 -0.940861 0.329699 0.0779656 -453.191 0.0856522 0.0088287 0.996286 41.2969
0.326757 0.94439 -0.0368464 192.797 -0.941212 0.328699 0.0779495 -453.57 0.085726 0.00920971 0.996276 41.3392
0.325958 0.94469 -0.0362337 192.932 -0.941577 0.327843 0.0771418 -453.925 0.084754 0.00897187 0.996362 41.3721
0.324558 0.94517 -0.036278 193.066 -0.942113 0.326446 0.0765275 -454.28 0.0841743 0.00934034 0.996407 41.4046
0.323731 0.94545 -0.0363657 193.213 -0.942483 0.325618 0.0754881 -454.631 0.0832116 0.00983625 0.996483 41.4419
0.322751 0.945754 -0.0371729 193.304 -0.942844 0.324703 0.0749199 -454.968 0.0829259 0.0108678 0.996496 41.475
0.321968 0.946061 -0.036137 193.431 -0.943171 0.323833 0.0745682 -455.321 0.0822484 0.0100748 0.996561 41.5128
0.321315 0.946336 -0.0347097 193.551 -0.943415 0.323067 0.074803 -455.645 0.0820023 0.00871033 0.996594 41.5428
0.320353 0.946711 -0.0333392 193.652 -0.943779 0.321996 0.0748288 -455.939 0.0815764 0.00749313 0.996639 41.5723
0.318471 0.947327 -0.0338707 193.737 -0.944404 0.320163 0.0748101 -456.199 0.0817138 0.00816282 0.996622 41.5975
0.317674 0.947554 -0.0349926 193.836 -0.944594 0.319465 0.0753884 -456.501 0.0826135 0.00910491 0.99654 41.6217
0.31732 0.94764 -0.0358784 193.93 -0.944602 0.319196 0.0764254 -456.788 0.083876 0.00963953 0.99643 41.6584
0.316877 0.947797 -0.0356323 194.024 -0.944722 0.318738 0.0768557 -457.075 0.084201 0.00930879 0.996405 41.6953
0.316381 0.947958 -0.0357518 194.129 -0.944923 0.318249 0.0764073 -457.355 0.083809 0.00960889 0.996436 41.7091
0.317164 0.947737 -0.0346675 194.213 -0.944705 0.318937 0.0762364 -457.637 0.0833089 0.00857118 0.996487 41.743
0.318035 0.947477 -0.0337825 194.303 -0.944442 0.319732 0.0761592 -457.891 0.0829604 0.00768435 0.996523 41.773
0.319183 0.947124 -0.0328537 194.392 -0.944092 0.320798 0.0760222 -458.138 0.0825418 0.00675194 0.996565 41.7867
0.321521 0.946377 -0.031549 194.495 -0.943318 0.323022 0.0762135 -458.423 0.0823177 0.00525653 0.996592 41.8182
0.324076 0.94552 -0.0310822 194.598 -0.942396 0.325534 0.076929 -458.708 0.0828562 0.00436092 0.996552 41.8497
0.327735 0.944233 -0.0318404 194.684 -0.941121 0.329242 0.0767509 -458.955 0.082954 0.00481178 0.996542 41.8661
0.332991 0.942356 -0.0328832 194.786 -0.939309 0.334564 0.0759279 -459.194 0.0825527 0.00560423 0.996571 41.8924
0.340819 0.939576 -0.0322465 194.886 -0.936407 0.342319 0.0771975 -459.482 0.0835715 0.00388542 0.996494 41.9193
0.349676 0.936307 -0.0324822 194.991 -0.933074 0.351168 0.0778085 -459.757 0.0842594 0.00310049 0.996439 41.9433
0.359638 0.932567 -0.0312892 195.083 -0.929158 0.360997 0.0796705 -460.031 0.0855934 0.000420006 0.99633 41.9733
0.371553 0.927793 -0.0338888 195.225 -0.924388 0.373091 0.0794355 -460.287 0.0863433 0.00181188 0.996264 41.9933
0.385918 0.92195 -0.032782 195.365 -0.918464 0.387307 0.0801075 -460.605 0.0865518 -0.000805869 0.996247 42.0248
0.401 0.915545 -0.0312393 195.488 -0.91191 0.402193 0.0816128 -460.862 0.0872844 -0.00423932 0.996174 42.0592
0.418683 0.907637 -0.0299746 195.633 -0.903813 0.41968 0.0836075 -461.143 0.088465 -0.00791361 0.996048 42.0841
0.438084 0.898411 -0.0306702 195.793 -0.894335 0.439036 0.0860904 -461.457 0.0908098 -0.0102854 0.995815 42.1137
0.455574 0.889586 -0.0329921 195.928 -0.885247 0.456632 0.0884539 -461.706 0.0937527 -0.0110911 0.995534 42.1458
0.475597 0.878978 -0.0347296 196.115 -0.874452 0.476702 0.08994 -461.997 0.095611 -0.0124058 0.995341 42.1859
0.495552 0.867984 -0.0321231 196.275 -0.863218 0.496259 0.0926404 -462.24 0.0963518 -0.0181789 0.995181 42.2073
0.509542 0.859937 -0.0295681 196.427 -0.854753 0.509819 0.0973748 -462.519 0.0988106 -0.0243432 0.994808 42.2341
0.51615 0.856113 -0.0256768 196.599 -0.850573 0.515869 0.102007 -462.762 0.100576 -0.030811 0.994452 42.2668
0.515058 0.856808 -0.0243813 196.777 -0.851061 0.514575 0.104441 -462.98 0.102032 -0.0330433 0.994232 42.2818
0.510743 0.859442 -0.0223983 196.924 -0.85367 0.510057 0.10531 -463.216 0.101932 -0.0346657 0.994187 42.3188
0.501921 0.864623 -0.0224121 197.054 -0.858802 0.501282 0.105711 -463.481 0.102635 -0.033811 0.994144 42.3517
0.487808 0.872633 -0.023569 197.181 -0.866871 0.487415 0.104693 -463.747 0.102847 -0.0306389 0.994225 42.3848
0.473072 0.880635 -0.0261629 197.32 -0.87486 0.473062 0.104075 -463.966 0.104029 -0.0263462 0.994225 42.4184
0.456605 0.889222 -0.0282216 197.378 -0.883591 0.456959 0.102256 -464.146 0.103825 -0.0217544 0.994358 42.4357
0.435602 0.899653 -0.0295965 197.483 -0.894138 0.436254 0.100996 -464.392 0.103773 -0.0175304 0.994447 42.4671
0.414832 0.909446 -0.0286603 197.596 -0.903956 0.415512 0.101062 -464.621 0.103819 -0.0160163 0.994467 42.4974
0.393732 0.918829 -0.0270103 197.696 -0.913379 0.394367 0.101058 -464.897 0.103507 -0.015119 0.994514 42.5278
0.373936 0.927095 -0.0258348 197.751 -0.921796 0.374583 0.0998964 -465.167 0.102291 -0.0135404 0.994662 42.5574
0.355295 0.934332 -0.0281119 197.881 -0.929173 0.356295 0.0984441 -465.428 0.101996 -0.00885581 0.994745 42.592
0.337972 0.940618 -0.0318259 197.975 -0.935622 0.339454 0.09686 -465.689 0.101912 -0.00295887 0.994789 42.6262
0.322578 0.945929 -0.0340712 198.014 -0.941102 0.32437 0.0954516 -465.949 0.101342 0.00127384 0.994851 42.6595
0.308832 0.950559 -0.0325658 198.107 -0.945751 0.310542 0.0954961 -466.219 0.100888 0.00130683 0.994897 42.6884
0.299165 0.953669 -0.0318632 198.194 -0.949014 0.30085 0.0941384 -466.463 0.099363 0.00207572 0.995049 42.7169
0.288476 0.956938 -0.032411 198.247 -0.952641 0.290253 0.0907162 -466.727 0.0962172 0.00470664 0.995349 42.7405
0.282197 0.958807 -0.0324719 198.323 -0.954648 0.284 0.089393 -466.956 0.0949327 0.00577283 0.995467 42.7712
0.279428 0.959581 -0.033543 198.389 -0.955431 0.281346 0.0894229 -467.227 0.0952456 0.00706071 0.995429 42.8037
0.282201 0.95877 -0.0335019 198.483 -0.954566 0.284106 0.0899258 -467.469 0.0957363 0.00660265 0.995385 42.8282
0.288301 0.956882 -0.035498 198.537 -0.952756 0.290365 0.0891271 -467.678 0.0955915 0.0081255 0.995387 42.8466
0.297546 0.953949 -0.0380432 198.609 -0.949971 0.299799 0.08761 -467.89 0.0949808 0.010072 0.995428 42.8729
0.309673 0.950098 -0.0376289 198.679 -0.946177 0.311827 0.0866711 -468.077 0.0940798 0.00876396 0.995526 42.8954
0.323249 0.945744 -0.0328438 198.757 -0.941595 0.324905 0.0885191 -468.27 0.0943875 0.00231186 0.995533 42.9105
0.337396 0.940888 -0.0298859 198.838 -0.936472 0.338706 0.0910984 -468.422 0.0958359 -0.00274889 0.995393 42.9326
0.351629 0.935769 -0.0263163 198.918 -0.931284 0.352526 0.0918383 -468.599 0.0952166 -0.00778507 0.995426 42.9631
0.36618 0.930199 -0.0253502 198.974 -0.925857 0.366931 0.0902752 -468.771 0.0932756 -0.00958633 0.995594 42.9773
0.380559 0.924346 -0.0275482 199.037 -0.920159 0.381466 0.0882651 -468.896 0.0920962 -0.00824137 0.995716 42.9849
0.396012 0.917461 -0.0379378 199.109 -0.913262 0.397825 0.0876789 -469.028 0.0955346 -7.47936e-05 0.995426 43.0057
0.411485 0.91024 -0.0462837 199.164 -0.905781 0.414052 0.0901161 -469.181 0.101191 0.00484145 0.994855 43.0369
0.427164 0.902964 -0.0467583 199.223 -0.898187 0.429709 0.0927884 -469.287 0.103877 0.00236185 0.994587 43.044
0.44077 0.896745 -0.0396369 199.297 -0.891757 0.442503 0.0946582 -469.349 0.102424 -0.00637597 0.99472 43.0464
0.454961 0.889856 -0.0341493 199.399 -0.88483 0.456051 0.0953598 -469.463 0.10043 -0.0131687 0.994857 43.0554
0.468875 0.882686 -0.0319632 199.437 -0.877705 0.469673 0.0950894 -469.576 0.0989463 -0.0165308 0.994955 43.0739
0.480482 0.876393 -0.0327508 199.487 -0.871466 0.481305 0.0943055 -469.663 0.0984118 -0.0167709 0.995004 43.0875
0.491885 0.870036 -0.0329695 199.529 -0.865142 0.492674 0.0938171 -469.738 0.0978674 -0.017624 0.995043 43.0936
0.503436 0.863398 -0.0331138 199.613 -0.85851 0.504177 0.0936326 -469.812 0.0975374 -0.0187096 0.995056 43.1014
0.513977 0.857134 -0.0338878 199.672 -0.852298 0.514748 0.0928599 -469.899 0.0970371 -0.0188453 0.995102 43.1103
0.523691 0.85122 -0.0342518 199.72 -0.846565 0.524481 0.0908151 -469.981 0.0952681 -0.0185626 0.995279 43.1174
0.53081 0.846856 -0.032793 199.761 -0.842211 0.531421 0.0909557 -470.006 0.0944533 -0.0206616 0.995315 43.1243
0.538139 0.842379 -0.0283411 199.796 -0.837414 0.538177 0.0954155 -470.058 0.0956286 -0.0276136 0.995034 43.138
0.548746 0.835693 -0.0222519 199.901 -0.83028 0.547911 0.102118 -470.13 0.0975314 -0.0375616 0.994523 43.1501
0.554467 0.832011 -0.0180262 199.903 -0.826264 0.552962 0.107334 -470.158 0.0992706 -0.0446186 0.99406 43.1386
0.559545 0.828604 -0.0180372 199.949 -0.822906 0.558025 0.106928 -470.201 0.0986666 -0.0449883 0.994103 43.1446
0.565293 0.82462 -0.0211066 199.978 -0.819278 0.564242 0.10205 -470.239 0.0960618 -0.040396 0.994555 43.157
0.570704 0.820813 -0.0237408 200.005 -0.81591 0.570083 0.096418 -470.273 0.0926753 -0.0356558 0.995058 43.1686
0.574717 0.817998 -0.0240507 200.054 -0.81326 0.574168 0.0945523 -470.339 0.0911527 -0.0347814 0.995229 43.1758
0.579848 0.814457 -0.0208743 200.107 -0.809702 0.578925 0.0960694 -470.371 0.0903291 -0.0388037 0.995156 43.1758
0.584269 0.811379 -0.0171198 200.088 -0.806471 0.582835 0.0995384 -470.37 0.0907414 -0.0443506 0.994886 43.1708
0.588255 0.808547 -0.014389 200.15 -0.803525 0.586421 0.102265 -470.419 0.0911245 -0.0485963 0.994653 43.1773
