1 0 0 0 0 1 0 0 -0 0 1 0
0.99999 0.00241539 -0.00365491 0.967816 -0.00241376 0.999997 0.000448935 -0.000392274 0.00365599 -0.000440108 0.999993 0.14282
0.999984 0.00326784 -0.00465474 1.90981 -0.00327097 0.999994 -0.000666374 -0.0119041 0.00465254 0.000681589 0.999989 0.154052
0.999992 0.00328067 -0.00242683 2.87243 -0.00328332 0.999994 -0.00108964 -0.0256714 0.00242324 0.0010976 0.999996 0.162213
0.999995 0.00261396 0.00194956 3.8411 -0.00260806 0.999992 -0.00302544 -0.0287878 -0.00195745 0.00302034 0.999994 0.161913
0.999995 0.00131236 0.0027289 4.78163 -0.00129933 0.999988 -0.0047707 -0.0491054 -0.00273513 0.00476714 0.999985 0.183696
1 0.000417126 2.28046e-05 5.71578 -0.000416986 0.999983 -0.00582906 -0.0468642 -2.52357e-05 0.00582905 0.999983 0.195553
0.999995 -0.000275651 -0.00328426 6.63043 0.000259287 0.999988 -0.00498204 -0.0163666 0.0032856 0.00498116 0.999982 0.202695
0.99999 -0.00128426 -0.00432042 7.54337 0.00126149 0.999985 -0.00526874 -0.024356 0.00432712 0.00526323 0.999977 0.208329
0.999994 -0.0019985 -0.00277623 8.48026 0.00198655 0.999989 -0.00430182 -0.0172617 0.0027848 0.00429628 0.999987 0.219601
0.999994 -0.00350673 -5.2241e-05 9.41615 0.00350636 0.999977 -0.00587287 -0.0243078 7.28344e-05 0.00587265 0.999983 0.228673
0.999991 -0.00413722 0.00120589 10.3304 0.00414424 0.999974 -0.00587894 -0.016137 -0.00118153 0.00588388 0.999982 0.239439
0.999985 -0.00500093 0.00244545 11.2486 0.00502046 0.999955 -0.00804564 -0.00860381 -0.00240511 0.00805779 0.999965 0.245387
0.999984 -0.00515755 0.00217413 12.1415 0.00517422 0.999957 -0.00773169 -0.0115444 -0.00213416 0.00774282 0.999968 0.254098
0.99998 -0.00607303 0.00152819 13.0524 0.00608871 0.999927 -0.0104774 0.0263862 -0.00146445 0.0104865 0.999944 0.251897
0.999973 -0.00729986 -0.000815342 13.9573 0.00729184 0.999929 -0.00943371 0.0104855 0.000884148 0.00942751 0.999955 0.274175
0.999958 -0.00888351 -0.00208145 14.85 0.00886335 0.999916 -0.00950007 0.044193 0.00216567 0.00948123 0.999953 0.286454
0.999942 -0.0104777 -0.00239495 15.7688 0.0104555 0.999904 -0.00909144 0.056192 0.00248998 0.00906588 0.999956 0.302453
0.999928 -0.0115927 -0.00321683 16.6664 0.0115607 0.999885 -0.00976798 0.0855727 0.00332969 0.00973008 0.999947 0.307293
0.999906 -0.0132764 -0.00330065 17.5227 0.0132481 0.999877 -0.00845144 0.116121 0.00341245 0.00840692 0.999959 0.317842
0.999888 -0.0147314 -0.00246996 18.4287 0.014708 0.999849 -0.00924966 0.138469 0.00260584 0.0092123 0.999954 0.333486
0.999872 -0.0159045 -0.00172308 19.3277 0.0158878 0.999831 -0.00927662 0.146728 0.00187032 0.00924806 0.999955 0.338624
0.99984 -0.0178369 -0.00107975 20.1982 0.0178269 0.999804 -0.00864987 0.175671 0.00123382 0.00862925 0.999962 0.352327
0.999821 -0.0189048 -0.00121924 21.0809 0.0188914 0.999769 -0.0102246 0.195072 0.00141225 0.0101997 0.999947 0.364719
0.999788 -0.0204957 -0.00176039 21.935 0.0204765 0.999737 -0.01031 0.205022 0.00197123 0.0102717 0.999945 0.380769
0.999769 -0.0214337 -0.00148999 22.8134 0.0214159 0.999709 -0.0111295 0.235907 0.00172811 0.011095 0.999937 0.388537
0.999741 -0.0227524 0.000861209 23.6805 0.0227602 0.999685 -0.0105815 0.251785 -0.000620184 0.0105983 0.999944 0.41454
0.999724 -0.0231651 0.00380424 24.5162 0.0232086 0.999661 -0.0118347 0.285528 -0.0035288 0.0119197 0.999923 0.426136
0.999693 -0.0242421 0.00506853 25.3757 0.0243013 0.999633 -0.0119667 0.29277 -0.00477657 0.0120862 0.999916 0.428986
0.999685 -0.0246518 0.00475419 26.1941 0.0247041 0.999631 -0.0112755 0.321406 -0.00447447 0.0113894 0.999925 0.443661
0.999666 -0.0257686 0.00209924 27.013 0.0257884 0.999617 -0.0100139 0.346234 -0.00184039 0.0100647 0.999948 0.448659
0.999644 -0.0266911 0.000102098 27.8124 0.0266908 0.999595 -0.00987993 0.386514 0.00016165 0.00987914 0.999951 0.462301
0.999625 -0.027391 -6.38085e-05 28.6085 0.0273892 0.999583 -0.00918388 0.411505 0.000315337 0.00917869 0.999958 0.467542
0.999595 -0.0284499 -0.000823843 29.3748 0.0284408 0.99955 -0.00950919 0.439881 0.00109401 0.00948191 0.999954 0.478938
0.999529 -0.0306481 -0.00185003 30.1581 0.0306304 0.999491 -0.00891736 0.463523 0.00212238 0.00885648 0.999959 0.494374
0.999466 -0.0325958 -0.00206421 30.913 0.0325751 0.999426 -0.00934858 0.474181 0.00236775 0.00927635 0.999954 0.500348
0.999401 -0.0345901 -0.00125463 31.6608 0.0345774 0.999362 -0.00899859 0.492957 0.00156509 0.00894981 0.999959 0.497826
0.999319 -0.0368965 0.000857984 32.4334 0.0369028 0.999276 -0.00926757 0.543129 -0.000515422 0.00929292 0.999957 0.506647
0.999258 -0.0384224 0.00261584 33.1627 0.0384428 0.999227 -0.00825626 0.566408 -0.00229659 0.0083507 0.999962 0.52104
0.99918 -0.0403878 0.00270909 33.8811 0.0404074 0.999154 -0.00762614 0.60556 -0.00239879 0.00772936 0.999967 0.532802
0.999105 -0.0422639 0.00184114 34.6107 0.0422718 0.999096 -0.00444479 0.662945 -0.00165162 0.00451864 0.999988 0.547833
0.99902 -0.0442449 0.0010151 35.3105 0.0442472 0.999018 -0.00243138 0.682749 -0.000906523 0.00247391 0.999997 0.551967
0.998961 -0.0455219 0.00218305 36.0022 0.0455254 0.998962 -0.001567 0.711092 -0.00210945 0.00166476 0.999996 0.56164
0.998914 -0.0464573 0.00360127 36.6891 0.046458 0.99892 -0.000113128 0.754746 -0.00359212 0.000280313 0.999994 0.569561
0.998867 -0.0474142 0.00403144 37.3602 0.047403 0.998872 0.00282687 0.795524 -0.00416093 -0.00263256 0.999988 0.564563
0.998949 -0.0457764 0.00223293 38.0205 0.0457634 0.998937 0.00556478 0.831893 -0.0024853 -0.00545675 0.999982 0.581419
0.999037 -0.0438659 -0.000622811 38.682 0.043869 0.999017 0.00633195 0.869881 0.000344443 -0.00635318 0.99998 0.588289
0.999115 -0.0419739 -0.00268159 39.3158 0.0419924 0.999091 0.00728945 0.907287 0.00237319 -0.00739561 0.99997 0.592771
0.999254 -0.0385897 -0.00173792 39.9424 0.0386026 0.999221 0.0081673 0.944086 0.00142139 -0.00822829 0.999965 0.60134
0.99938 -0.0351947 0.000856988 40.5818 0.0351804 0.999294 0.0131753 0.967146 -0.00132008 -0.013137 0.999913 0.614955
0.999487 -0.0318078 0.00381421 41.2073 0.031738 0.999349 0.0171432 1.01089 -0.00435701 -0.0170134 0.999846 0.603598
0.999606 -0.0276349 0.00484582 41.8271 0.0275246 0.99939 0.0215049 1.02113 -0.00543715 -0.0213631 0.999757 0.614502
0.999741 -0.0220272 0.00575703 42.4049 0.0218697 0.99942 0.0261173 1.05303 -0.00632898 -0.0259846 0.999642 0.627783
0.999836 -0.0164932 0.00751984 42.955 0.0162669 0.999441 0.0292176 1.07707 -0.00799752 -0.0290905 0.999545 0.623767
0.999918 -0.00941803 0.00866573 43.5354 0.0091166 0.999374 0.0341893 1.07906 -0.0089823 -0.0341075 0.999378 0.627219
0.999956 -0.00212241 0.0091487 44.0485 0.00177899 0.999299 0.0373842 1.08792 -0.00922163 -0.0373663 0.999259 0.643057
0.999945 0.00485671 0.0093293 44.5658 -0.00523123 0.999164 0.0405493 1.07818 -0.00912456 -0.0405959 0.999134 0.648185
0.999877 0.0124299 0.00954152 45.0523 -0.012847 0.998905 0.0449779 1.08781 -0.00897201 -0.045095 0.998942 0.659004
0.999769 0.0202113 0.00724739 45.5503 -0.0205451 0.998568 0.0494022 1.08969 -0.00623853 -0.0495397 0.998753 0.657079
0.999592 0.0281189 0.00498374 45.9825 -0.0283378 0.998281 0.0513122 1.08074 -0.00353233 -0.0514325 0.99867 0.676412
0.999333 0.0361906 0.00478313 46.3954 -0.0363901 0.997993 0.0518169 1.08248 -0.00289825 -0.0519564 0.998645 0.666267
0.99902 0.0437722 0.00659866 46.8057 -0.0440532 0.997717 0.0511789 1.04143 -0.00434339 -0.0514194 0.998668 0.680765
0.998605 0.0521824 0.00809037 47.143 -0.0525361 0.99724 0.0524538 1.04256 -0.00533088 -0.0528056 0.998591 0.682556
0.998097 0.0610153 0.00894164 47.5328 -0.0614183 0.996575 0.0553691 1.02796 -0.00553265 -0.0558129 0.998426 0.686938
0.997535 0.0695986 0.00896369 47.8542 -0.0700101 0.995771 0.0594813 1.00721 -0.00478597 -0.0599622 0.998189 0.677375
0.996864 0.0784895 0.0101248 48.1675 -0.0789766 0.994846 0.0635915 0.982134 -0.00508139 -0.0641917 0.997925 0.675779
0.996053 0.08809 0.0109174 48.4565 -0.0886052 0.994074 0.0629691 0.961809 -0.0053058 -0.0636879 0.997956 0.689263
0.995108 0.0982595 0.0102986 48.6951 -0.0987103 0.993194 0.0618151 0.930951 -0.0041546 -0.0625293 0.998034 0.695391
0.993883 0.110208 0.00711962 48.9791 -0.110437 0.992019 0.0608405 0.898639 -0.000357686 -0.0612546 0.998122 0.703948
0.992234 0.124324 0.00388811 49.239 -0.124328 0.990348 0.061266 0.847668 0.00376626 -0.0612736 0.998114 0.70893
0.990225 0.139446 0.00298485 49.474 -0.139354 0.988216 0.0633167 0.81743 0.0058796 -0.0631138 0.997989 0.706006
0.987822 0.155555 0.00314168 49.7447 -0.155432 0.985737 0.0645218 0.771657 0.00693979 -0.0642244 0.997911 0.712623
0.984994 0.172558 0.00329782 50.0022 -0.172405 0.982879 0.0649949 0.727644 0.00797403 -0.0645882 0.99788 0.715905
0.981617 0.190829 0.00351164 50.2394 -0.190657 0.979553 0.0642296 0.659036 0.00881701 -0.0637184 0.997929 0.725149
0.977697 0.209979 0.00421029 50.4874 -0.209823 0.975709 0.0629824 0.582762 0.00911696 -0.0624611 0.998006 0.731533
0.97322 0.229836 0.00420362 50.7257 -0.229641 0.971242 0.0628814 0.520934 0.0103697 -0.0621628 0.998012 0.739407
0.968019 0.250836 0.00448493 50.96 -0.250596 0.965942 0.0644741 0.462807 0.0118402 -0.063536 0.997909 0.742096
0.96185 0.273545 0.00434228 51.2157 -0.27323 0.959698 0.0657655 0.386004 0.0138225 -0.064443 0.997826 0.742997
0.954562 0.297969 0.00518039 51.4409 -0.297643 0.952362 0.0664496 0.297154 0.0148663 -0.0649721 0.997776 0.751307
0.946125 0.323724 0.00705293 51.6749 -0.323427 0.943764 0.0685918 0.21771 0.0155485 -0.0671775 0.99762 0.760416
0.936299 0.351086 0.00906677 51.9367 -0.350823 0.933771 0.0706718 0.110637 0.0163456 -0.0693508 0.997458 0.770803
0.925214 0.3793 0.0104792 52.1692 -0.37905 0.92264 0.0711122 0.0265722 0.0173043 -0.0697661 0.997413 0.770013
0.912397 0.409182 0.0100563 52.402 -0.408858 0.909974 0.0691524 -0.115636 0.019145 -0.067206 0.997555 0.784932
0.897238 0.441459 0.00887548 52.6545 -0.441027 0.895023 0.0665546 -0.275228 0.0214373 -0.0636296 0.997743 0.808513
0.8797 0.475483 0.0066884 52.8776 -0.474861 0.877629 0.0653802 -0.414355 0.0252173 -0.060691 0.997838 0.815338
0.860241 0.509863 0.0050521 53.1231 -0.509032 0.858179 0.0664465 -0.59272 0.029543 -0.0597316 0.997777 0.821661
0.838334 0.545142 0.00402612 53.3259 -0.544113 0.836248 0.0680516 -0.74099 0.033731 -0.0592406 0.997674 0.829238
0.813905 0.580978 0.00493892 53.5715 -0.579825 0.811691 0.0704332 -0.936371 0.0369112 -0.0601896 0.997504 0.847812
0.786856 0.617093 0.00732079 53.8382 -0.615885 0.78445 0.0729622 -1.1274 0.0392816 -0.0619195 0.997308 0.862622
0.757292 0.65298 0.0111953 54.0744 -0.651716 0.754498 0.0774557 -1.35447 0.0421302 -0.0659527 0.996933 0.86595
0.724445 0.689196 0.0137056 54.3083 -0.687932 0.721564 0.0780675 -1.61181 0.0439143 -0.0659841 0.996854 0.88851
0.687624 0.725914 0.0148923 54.5544 -0.724701 0.684929 0.0753757 -1.88993 0.0445161 -0.0626226 0.997044 0.910612
0.648657 0.760916 0.0158295 54.7576 -0.759738 0.646137 0.0728389 -2.16394 0.0451963 -0.0592738 0.997218 0.929555
0.606152 0.795154 0.0175699 55.0063 -0.793967 0.60365 0.0722723 -2.51956 0.0468616 -0.0577579 0.99723 0.938214
0.560569 0.827919 0.0177001 55.1951 -0.826641 0.558176 0.0714472 -2.8652 0.0492727 -0.0546826 0.997287 0.970705
0.512442 0.858525 0.0184205 55.3888 -0.857245 0.510185 0.0695881 -3.23247 0.0503452 -0.0514508 0.997406 0.991274
0.463893 0.885653 0.0205376 55.5932 -0.88449 0.461732 0.0669433 -3.62645 0.0498057 -0.0492199 0.997545 1.01792
0.413963 0.909939 0.0253938 55.7572 -0.909028 0.411756 0.0642283 -4.03629 0.0479878 -0.0496719 0.997612 1.0508
0.364823 0.93054 0.0316068 55.9086 -0.929855 0.362396 0.0635512 -4.47164 0.0476827 -0.0525747 0.997478 1.05861
0.315015 0.948512 0.0330271 56.0567 -0.947775 0.31256 0.0634739 -4.93991 0.0498828 -0.0512975 0.997437 1.06185
0.266966 0.963347 0.0262969 56.1685 -0.962391 0.265078 0.059479 -5.41854 0.0503282 -0.0411867 0.997883 1.11738
0.222405 0.97481 0.0168089 56.2249 -0.973756 0.221244 0.0533984 -5.91501 0.0483344 -0.0282438 0.998432 1.14327
0.179113 0.983777 0.0100392 56.2969 -0.982647 0.178389 0.0508088 -6.44355 0.0481937 -0.0189655 0.998658 1.19344
0.140522 0.990047 0.0077282 56.364 -0.988746 0.139924 0.0529447 -6.93815 0.0513364 -0.0150811 0.998568 1.17972
0.107578 0.994193 0.00284987 56.4066 -0.992827 0.107279 0.0527762 -7.46969 0.052164 -0.00850699 0.998602 1.23112
0.0779402 0.996953 -0.00315014 56.4256 -0.995633 0.0779991 0.0512972 -8.0295 0.0513866 -0.000861732 0.998678 1.26661
0.0524685 0.998593 -0.00767079 56.43 -0.99738 0.0527848 0.049475 -8.59655 0.0498103 0.00505481 0.998746 1.28649
0.0319206 0.999407 -0.0128796 56.4526 -0.998306 0.0325073 0.0482615 -9.16098 0.0486516 0.0113172 0.998752 1.31036
0.0156623 0.999779 -0.0140039 56.4496 -0.998664 0.0163315 0.0490268 -9.74323 0.0492447 0.0132173 0.998699 1.33991
0.00249609 0.999896 -0.014216 56.4617 -0.998777 0.00319473 0.0493364 -10.3321 0.0493767 0.0140755 0.998681 1.3655
-0.00951066 0.999858 -0.0139153 56.4523 -0.998698 -0.00880043 0.05024 -10.972 0.0501104 0.014375 0.99864 1.38323
-0.0186288 0.999668 -0.0178248 56.438 -0.99846 -0.0176685 0.0525942 -11.5532 0.0522618 0.0187771 0.998457 1.42647
-0.0256781 0.999448 -0.0211021 56.405 -0.99821 -0.0244945 0.0545536 -12.2022 0.0540065 0.0224652 0.998288 1.47752
-0.0308048 0.999286 -0.021869 56.4 -0.998099 -0.0295852 0.0540565 -12.8336 0.0533709 0.0234926 0.998298 1.49992
-0.034074 0.999249 -0.0184751 56.375 -0.998137 -0.0330885 0.051253 -13.4742 0.0506031 0.0201871 0.998515 1.54507
-0.0361295 0.999198 -0.0172589 56.3592 -0.99837 -0.0353254 0.0448221 -14.1546 0.0441765 0.0188502 0.998846 1.56597
-0.037467 0.999127 -0.0184834 56.323 -0.998558 -0.0367212 0.0391607 -14.8245 0.0384478 0.019924 0.999062 1.5918
-0.0382107 0.99903 -0.0218782 56.3153 -0.998623 -0.0373892 0.0368005 -15.5065 0.0359468 0.0232543 0.999083 1.61901
-0.0382906 0.998941 -0.0254963 56.2833 -0.99856 -0.0372919 0.0385544 -16.2211 0.0375628 0.0269359 0.998931 1.66278
-0.0375394 0.998962 -0.0257872 56.2443 -0.998292 -0.0363331 0.045757 -16.9009 0.0447726 0.0274609 0.99862 1.69213
-0.0355445 0.999041 -0.0255544 56.2316 -0.998004 -0.0341486 0.0531277 -17.6013 0.0522041 0.0273918 0.998261 1.7344
-0.0330728 0.999129 -0.0254323 56.2012 -0.997995 -0.0316397 0.0548247 -18.337 0.0539723 0.0271945 0.998172 1.76979
-0.0310953 0.999165 -0.0265178 56.175 -0.998288 -0.0297311 0.0503763 -19.0732 0.0495458 0.0280388 0.998378 1.80593
-0.0281491 0.999229 -0.0273825 56.153 -0.99866 -0.0269222 0.0441888 -19.818 0.0434175 0.0285897 0.998648 1.82639
-0.0261716 0.999328 -0.0256608 56.1317 -0.99877 -0.0250581 0.0427932 -20.5329 0.0421214 0.0267492 0.998754 1.85475
-0.0229182 0.999224 -0.0320302 56.1239 -0.998639 -0.0213798 0.0475744 -21.266 0.0468527 0.0330769 0.998354 1.9237
-0.0198321 0.999222 -0.0340945 56.1199 -0.998444 -0.0180162 0.0527678 -22.0075 0.0521125 0.0350879 0.998025 1.98124
-0.0174496 0.999452 -0.0281353 56.1079 -0.998414 -0.0159113 0.0540029 -22.7431 0.0535256 0.029033 0.998144 2.01461
-0.0134566 0.999627 -0.023751 56.1085 -0.998621 -0.0122299 0.051058 -23.4931 0.0507485 0.0244053 0.998413 2.03612
-0.00922086 0.999529 -0.0292559 56.1251 -0.99886 -0.00783672 0.0470782 -24.1967 0.0468268 0.0296567 0.998463 2.06753
-0.00556708 0.999431 -0.033252 56.085 -0.998845 -0.00397038 0.0478926 -24.962 0.0477334 0.0334802 0.998299 2.12872
-0.00277009 0.99946 -0.0327445 56.119 -0.998636 -0.00105766 0.0521989 -25.692 0.0521361 0.0328444 0.9981 2.19569
0.000685926 0.99955 -0.0299837 56.1282 -0.998583 0.00227992 0.0531601 -26.4313 0.0532045 0.0299048 0.998136 2.21371
0.00460197 0.999581 -0.0285776 56.1139 -0.998603 0.00609786 0.0524806 -27.1831 0.0526329 0.0282962 0.998213 2.26434
0.00819049 0.999412 -0.0332895 56.1289 -0.99869 0.00985735 0.0502199 -27.9032 0.0505185 0.0328345 0.998183 2.29563
0.0115192 0.999215 -0.0379009 56.128 -0.998639 0.0134241 0.0503971 -28.6398 0.0508663 0.0372688 0.99801 2.34508
0.0149208 0.999059 -0.0407192 56.1463 -0.998551 0.0169945 0.0510666 -29.4074 0.0517105 0.0398982 0.997865 2.39495
0.0180181 0.998946 -0.0422101 56.145 -0.998493 0.0201665 0.0510374 -30.1563 0.0518348 0.0412269 0.997804 2.42961
0.0210059 0.998879 -0.0424253 56.1671 -0.998486 0.0231178 0.0499168 -30.8764 0.0508416 0.0413125 0.997852 2.47757
0.0240894 0.998666 -0.0456762 56.1582 -0.998462 0.0263165 0.048802 -31.6286 0.049939 0.0444303 0.997764 2.52645
0.0276934 0.998609 -0.0448635 56.1863 -0.998328 0.0299081 0.0494713 -32.3989 0.0507443 0.0434184 0.997767 2.55198
0.0303829 0.998662 -0.0418448 56.2446 -0.998191 0.032488 0.0505815 -33.0941 0.0518733 0.0402323 0.997843 2.58771
0.033233 0.998501 -0.0434825 56.2502 -0.998062 0.0354453 0.0511391 -33.8436 0.0526037 0.0416988 0.997744 2.63644
0.0362413 0.998474 -0.0416775 56.2989 -0.997977 0.0383404 0.0507213 -34.6027 0.0522419 0.0397549 0.997843 2.68584
0.0384121 0.998439 -0.040536 56.3303 -0.997877 0.040462 0.0510245 -35.3677 0.052585 0.03849 0.997874 2.71938
0.0414425 0.998367 -0.0393223 56.3741 -0.99772 0.0434493 0.0516338 -36.0891 0.053258 0.0370928 0.997892 2.75485
0.0446874 0.998321 -0.0368484 56.4053 -0.997497 0.0466133 0.053178 -36.8595 0.0548063 0.0343798 0.997905 2.80331
0.0481276 0.998177 -0.0364219 56.4517 -0.997146 0.0501373 0.0564398 -37.6593 0.058163 0.0336016 0.997741 2.86551
0.0510156 0.998017 -0.0368679 56.4768 -0.996865 0.0531228 0.0586372 -38.3806 0.0604794 0.0337609 0.997598 2.90173
0.0549424 0.998016 -0.0307594 56.5402 -0.996541 0.056733 0.0607317 -39.1806 0.0623563 0.0273162 0.99768 2.96563
0.0575439 0.997972 -0.0272313 56.6162 -0.9964 0.0591114 0.06077 -39.9441 0.0622564 0.0236363 0.99778 2.99551
0.0606814 0.997729 -0.029239 56.646 -0.996212 0.0623649 0.0605938 -40.726 0.0622797 0.0254513 0.997734 3.06358
0.06457 0.997464 -0.029954 56.7208 -0.995885 0.0663226 0.0617656 -41.529 0.0635956 0.0258425 0.997641 3.12623
0.0689771 0.997303 -0.0250642 56.7679 -0.995527 0.0704366 0.0629602 -42.3048 0.0645559 0.0206093 0.997701 3.1849
0.073229 0.997018 -0.0243509 56.8279 -0.995286 0.0746149 0.0619525 -43.1004 0.0635847 0.0196994 0.997782 3.21019
0.0775685 0.996608 -0.027472 56.8978 -0.995019 0.0791165 0.0606456 -43.8386 0.0626134 0.0226309 0.997781 3.27953
0.0829641 0.996278 -0.0234059 56.9788 -0.994311 0.084329 0.0650652 -44.6755 0.0667968 0.0178747 0.997606 3.32089
0.0886577 0.995826 -0.0216815 57.0732 -0.993272 0.0900166 0.0728591 -45.4263 0.0745067 0.0150762 0.997107 3.40553
0.0962767 0.995108 -0.0221334 57.1245 -0.992163 0.0977236 0.0778589 -46.2266 0.079641 0.0144639 0.996719 3.4508
0.103834 0.994433 -0.0179228 57.2569 -0.991172 0.104953 0.0810075 -47.045 0.0824376 0.00935328 0.996552 3.52822
0.111093 0.993696 -0.0150844 57.3332 -0.990531 0.111946 0.0794728 -47.8707 0.0806604 0.00611268 0.996723 3.59151
0.118807 0.992798 -0.0153942 57.44 -0.989748 0.119652 0.0779945 -48.6874 0.0792748 0.00597006 0.996835 3.6769
0.125951 0.991927 -0.0147533 57.5347 -0.98909 0.126708 0.0751459 -49.507 0.0764086 0.00512761 0.997063 3.7544
0.13413 0.990877 -0.0131215 57.6584 -0.988473 0.13472 0.0690763 -50.2939 0.0702138 0.00370502 0.997525 3.81683
0.141873 0.98983 -0.0104388 57.7929 -0.987828 0.14225 0.0629274 -51.0912 0.0637723 0.00138405 0.997964 3.85987
0.148831 0.98881 -0.0101817 57.9045 -0.987012 0.149175 0.0596147 -51.9294 0.0604665 0.00117696 0.99817 3.94167
0.155741 0.98774 -0.0107179 58.0334 -0.985823 0.156106 0.0615169 -52.6896 0.0624358 0.000985284 0.998048 3.99516
0.161084 0.986868 -0.0119877 58.1671 -0.984552 0.161526 0.0675703 -53.4642 0.0686193 0.000918066 0.997642 4.05641
0.166266 0.986006 -0.0121376 58.293 -0.983374 0.166709 0.0719998 -54.265 0.0730157 -3.53382e-05 0.997331 4.1218
0.171998 0.985028 -0.0117148 58.4441 -0.982213 0.172392 0.0744202 -55.0498 0.0753255 -0.00129374 0.997158 4.20257
0.176299 0.984283 -0.010259 58.5711 -0.981445 0.17657 0.0747624 -55.7712 0.0753988 -0.00311196 0.997149 4.24874
0.18188 0.983247 -0.0120286 58.699 -0.980611 0.182273 0.0719578 -56.531 0.0729448 -0.00129233 0.997335 4.3313
0.186144 0.982433 -0.0132825 58.8677 -0.9802 0.186616 0.0662005 -57.2971 0.0675162 0.000696682 0.997718 4.37035
0.190444 0.981632 -0.0114272 59.0206 -0.979827 0.190786 0.0594984 -58.0805 0.0605857 -0.000134423 0.998163 4.45115
0.193482 0.981072 -0.00794424 59.1877 -0.979487 0.193621 0.0558301 -58.7965 0.0563115 -0.00302081 0.998409 4.47774
0.196659 0.980451 -0.00644269 59.329 -0.978857 0.196708 0.0560807 -59.5246 0.0562517 -0.00472231 0.998405 4.55089
0.198693 0.980051 -0.00451399 59.4704 -0.978364 0.198618 0.0579271 -60.2158 0.0576681 -0.00709338 0.998311 4.59508
0.200497 0.979693 -0.00146986 59.6176 -0.977805 0.200203 0.0617811 -60.8968 0.0608208 -0.0109497 0.998089 4.65291
0.202589 0.979262 -0.00182025 59.788 -0.977063 0.202258 0.0666317 -61.6111 0.0656181 -0.0117204 0.997776 4.70457
0.204785 0.978807 -0.000515424 59.9257 -0.97625 0.204288 0.072131 -62.3058 0.0707076 -0.0142682 0.997395 4.77036
0.206066 0.978535 -0.00243732 60.094 -0.975855 0.205685 0.0734959 -62.9568 0.0724197 -0.0127666 0.997293 4.82451
0.207696 0.978193 0.00014192 60.2315 -0.975537 0.207122 0.0736777 -63.5926 0.0720416 -0.015441 0.997282 4.85922
0.207885 0.978153 0.00061813 60.3651 -0.97571 0.207321 0.0707667 -64.2809 0.0690925 -0.0153144 0.997493 4.92009
0.208725 0.977974 0.00047635 60.5375 -0.975669 0.208199 0.0687201 -64.9679 0.0671073 -0.0148083 0.997636 4.97108
0.208277 0.97807 0.000240332 60.6536 -0.975829 0.207783 0.067698 -65.5867 0.0661635 -0.0143345 0.997706 5.02197
0.207037 0.978333 0.000856567 60.7726 -0.976147 0.206516 0.0669961 -66.243 0.0653676 -0.0147068 0.997753 5.07597
0.205366 0.978685 0.000741985 60.9156 -0.976468 0.20485 0.0674256 -66.8469 0.0658364 -0.0145715 0.997724 5.12409
0.202906 0.979196 0.00216704 61.059 -0.976792 0.202252 0.070508 -67.464 0.0686028 -0.0164232 0.997509 5.1749
0.200926 0.979606 0.000683024 61.1886 -0.976926 0.200325 0.0740694 -68.0679 0.072422 -0.0155497 0.997253 5.23352
0.198597 0.980081 -0.00110817 61.3214 -0.977303 0.198119 0.0750247 -68.6896 0.0737498 -0.0138167 0.997181 5.28651
0.196215 0.98056 -0.00157204 61.4381 -0.977889 0.195798 0.0734643 -69.2403 0.0723439 -0.0128775 0.997297 5.32607
0.193829 0.981035 -0.00078983 61.5506 -0.978542 0.193394 0.0710949 -69.8064 0.0698993 -0.0130074 0.997469 5.36467
0.191978 0.981399 -0.000721762 61.6526 -0.979176 0.191593 0.0671256 -70.3985 0.0660153 -0.0121799 0.997744 5.4097
0.189904 0.981797 -0.00344317 61.7635 -0.979623 0.189714 0.0659295 -70.9625 0.0653826 -0.00914723 0.997818 5.45684
0.187488 0.982247 -0.00631546 61.8666 -0.979936 0.187482 0.0676452 -71.5057 0.0676283 -0.00649394 0.997689 5.51225
0.185141 0.982655 -0.0105793 61.967 -0.980207 0.185426 0.0693689 -72.0684 0.0701274 -0.00247316 0.997535 5.56656
0.183203 0.983017 -0.0106513 62.0991 -0.980399 0.183492 0.0717497 -72.641 0.0724856 -0.00270221 0.997366 5.59501
0.181751 0.983296 -0.00981483 62.1674 -0.980543 0.181977 0.0736116 -73.1388 0.0741681 -0.00375515 0.997239 5.65368
0.181072 0.9834 -0.0117354 62.2748 -0.98073 0.181444 0.0724349 -73.6988 0.0733618 -0.00160666 0.997304 5.68599
0.181022 0.983327 -0.0172869 62.3647 -0.980791 0.181798 0.0707051 -74.2639 0.072669 0.00415561 0.997347 5.73319
0.182527 0.98294 -0.0226312 62.489 -0.980551 0.183676 0.0691553 -74.801 0.0721323 0.00956828 0.997349 5.77802
0.184556 0.982496 -0.0253322 62.5563 -0.980211 0.185882 0.0680733 -75.3237 0.0715905 0.0122675 0.997359 5.82299
0.188365 0.981773 -0.0253078 62.673 -0.979503 0.189677 0.0677915 -75.8885 0.0713561 0.0120195 0.997378 5.86653
0.193171 0.980896 -0.0229844 62.7779 -0.978543 0.194314 0.0685323 -76.4181 0.0716892 0.00925275 0.997384 5.91561
0.199813 0.979498 -0.0256618 62.902 -0.977232 0.201121 0.0675797 -76.9946 0.0713553 0.0115743 0.997384 5.95237
0.207365 0.977954 -0.0245964 63.0184 -0.975658 0.208581 0.067709 -77.5664 0.0713467 0.00995723 0.997402 5.99473
0.215576 0.976168 -0.0249551 63.1759 -0.973943 0.216788 0.0666134 -78.1649 0.0704358 0.00994459 0.997467 6.02815
0.224841 0.974093 -0.0242801 63.3224 -0.971904 0.225978 0.0658485 -78.7313 0.0696293 0.00879249 0.997534 6.07769
0.234345 0.971929 -0.0209033 63.4597 -0.969669 0.235229 0.066404 -79.2806 0.0694571 0.00470781 0.997574 6.11085
0.244284 0.969533 -0.0181946 63.5974 -0.967031 0.24496 0.0696132 -79.8781 0.0719492 0.000589333 0.997408 6.16554
0.253994 0.967091 -0.0149126 63.7779 -0.96439 0.2544 0.0723394 -80.4869 0.0737525 -0.00399219 0.997269 6.21731
0.26507 0.964157 -0.0118382 63.9584 -0.961281 0.265199 0.0748855 -81.0889 0.0753408 -0.00847008 0.997122 6.26215
0.275271 0.961303 -0.0110807 64.1462 -0.958297 0.275294 0.076675 -81.7052 0.0767584 -0.0104878 0.996995 6.3199
0.285686 0.958279 -0.00921767 64.3342 -0.955211 0.285519 0.0777868 -82.3283 0.0771733 -0.0134178 0.996927 6.36379
0.295854 0.955186 -0.0094346 64.5701 -0.952093 0.295668 0.078098 -82.9443 0.0773877 -0.014123 0.996901 6.41442
0.30622 0.951935 -0.00707037 64.7616 -0.948816 0.305803 0.0789421 -83.581 0.0773099 -0.0174651 0.996854 6.46706
0.317004 0.948397 -0.00716384 65.0097 -0.945574 0.316628 0.0750772 -84.2658 0.0734713 -0.0170259 0.997152 6.50926
0.327183 0.94492 -0.00877586 65.2207 -0.942551 0.326997 0.0683353 -84.8909 0.0674411 -0.0140864 0.997624 6.55977
0.33836 0.940969 -0.00945659 65.4479 -0.938873 0.33825 0.0640641 -85.5787 0.0634811 -0.0127982 0.997901 6.61257
0.34853 0.937232 -0.0110717 65.7413 -0.935375 0.348547 0.0599066 -86.2489 0.0600054 -0.010523 0.998143 6.64075
0.357602 0.933754 -0.0149843 65.9678 -0.932025 0.357857 0.0571612 -86.9521 0.0587367 -0.00647524 0.998253 6.70959
0.366241 0.930277 -0.0212649 66.2497 -0.928769 0.366857 0.0529437 -87.6518 0.0570535 0.000359991 0.998371 6.74886
0.37335 0.927291 -0.0272183 66.507 -0.926279 0.374239 0.0441772 -88.3899 0.0511513 0.00871821 0.998653 6.78305
0.379658 0.924561 -0.0323615 66.7814 -0.923881 0.38073 0.0385914 -89.0853 0.0480011 0.0152466 0.998731 6.83756
0.387339 0.921219 -0.0364023 67.1369 -0.920617 0.388595 0.038192 -89.7901 0.0493289 0.0187193 0.998607 6.8608
0.394119 0.918097 -0.042061 67.4125 -0.917301 0.395782 0.0437707 -90.5148 0.0568327 0.0213317 0.998156 6.92265
0.400425 0.915187 -0.0457474 67.7188 -0.914054 0.402449 0.0504031 -91.2405 0.0645393 0.0216328 0.997681 6.98038
0.406454 0.912481 -0.0466174 68.068 -0.911256 0.408559 0.0518918 -91.9317 0.0663963 0.0213888 0.997564 7.03383
0.410878 0.910777 -0.0407929 68.3592 -0.90935 0.412617 0.0531923 -92.5983 0.0652781 0.0152395 0.997751 7.0644
0.414532 0.909316 -0.0361624 68.7119 -0.907607 0.416001 0.0565066 -93.2662 0.0664259 0.00939741 0.997747 7.11422
0.418266 0.907639 -0.0352834 69.0043 -0.905653 0.419698 0.0603825 -93.9513 0.0696139 0.00669855 0.997552 7.1893
0.423208 0.905339 -0.035453 69.3891 -0.903029 0.424665 0.0647904 -94.6781 0.0737129 0.00459526 0.997269 7.24131
0.426053 0.904097 -0.032963 69.682 -0.90156 0.427326 0.0676897 -95.2955 0.075284 0.000878699 0.997162 7.31015
0.429908 0.902269 -0.0330199 70.0118 -0.899829 0.431173 0.0663166 -95.9528 0.0740727 0.00120222 0.997252 7.35124
0.433803 0.900414 -0.03272 70.315 -0.898216 0.43503 0.0629115 -96.6082 0.0708805 0.00209845 0.997483 7.41896
0.436948 0.898915 -0.0320553 70.6285 -0.896879 0.438116 0.0605235 -97.2247 0.0684495 0.00230406 0.997652 7.46688
0.440818 0.897074 -0.0306148 70.9417 -0.89512 0.441878 0.0591885 -97.8672 0.0666245 0.00131253 0.997777 7.53179
0.444458 0.895306 -0.0297297 71.2755 -0.893226 0.445451 0.0609957 -98.4856 0.067853 -0.000554725 0.997695 7.58246
0.446717 0.894145 -0.0308035 71.589 -0.892021 0.447777 0.0615961 -99.0824 0.068869 -3.86477e-05 0.997626 7.64329
0.449119 0.892859 -0.0330892 71.8943 -0.890867 0.450328 0.0596756 -99.7044 0.0681829 0.00267661 0.997669 7.6932
0.44993 0.892387 -0.0347617 72.167 -0.89046 0.451248 0.0587821 -100.247 0.0681425 0.00450615 0.997665 7.74739
0.452082 0.891371 -0.0328476 72.4631 -0.889448 0.453266 0.0585931 -100.841 0.0671169 0.00272733 0.997741 7.79833
0.454014 0.890342 -0.0340966 72.7644 -0.888448 0.455276 0.0581771 -101.391 0.0673208 0.00387985 0.997724 7.84924
0.456459 0.88905 -0.0351504 73.0774 -0.887021 0.457796 0.0601357 -101.959 0.0695553 0.00372961 0.997571 7.89887
0.459081 0.887645 -0.0364805 73.3677 -0.885582 0.460507 0.0606445 -102.538 0.0706303 0.00446578 0.997493 7.9652
0.462157 0.885941 -0.0389675 73.6582 -0.883946 0.463748 0.0598134 -103.084 0.0710623 0.00680196 0.997449 8.02224
0.464618 0.884534 -0.0416002 73.9271 -0.882643 0.46638 0.0585766 -103.62 0.0712145 0.0095024 0.997416 8.06955
0.468312 0.882525 -0.0428254 74.2047 -0.8807 0.470145 0.0577205 -104.152 0.0710739 0.0106851 0.997414 8.12478
0.471857 0.88061 -0.0433253 74.4713 -0.878805 0.473715 0.0574174 -104.665 0.0710862 0.0109816 0.99741 8.17275
0.475548 0.878552 -0.0447186 74.7511 -0.876809 0.477489 0.0566641 -105.192 0.071135 0.0122632 0.997391 8.21987
0.478603 0.876781 -0.0468315 75.0375 -0.875098 0.480682 0.0561148 -105.709 0.0717115 0.0141254 0.997325 8.25738
0.482917 0.874442 -0.0462938 75.2959 -0.872613 0.484971 0.0578746 -106.211 0.0730591 0.012448 0.99725 8.31099
0.486974 0.871969 -0.0502609 75.5969 -0.87022 0.489306 0.0574099 -106.714 0.0746527 0.015781 0.997085 8.36156
0.490472 0.870054 -0.0494262 75.8576 -0.867962 0.492793 0.0616203 -107.217 0.0779699 0.0126771 0.996875 8.40574
0.496551 0.866548 -0.0503141 76.2108 -0.864039 0.498986 0.066701 -107.69 0.0829057 0.0103529 0.996504 8.45182
0.502342 0.863281 -0.0489746 76.519 -0.860158 0.504697 0.0735456 -108.168 0.0882079 0.00518086 0.996089 8.50973
0.508323 0.859874 -0.047163 76.778 -0.856119 0.510506 0.0802733 -108.615 0.0931019 -0.000427653 0.995656 8.55614
0.515339 0.85574 -0.0461971 77.097 -0.851494 0.517385 0.0852685 -109.128 0.0968694 -0.00460562 0.995286 8.60957
0.521678 0.852088 -0.0424125 77.4144 -0.847812 0.523326 0.0857019 -109.64 0.0952211 -0.00875093 0.995418 8.67065
0.527697 0.848681 -0.0357231 77.7457 -0.844522 0.528698 0.0852117 -110.112 0.0912043 -0.014797 0.995722 8.72051
0.534116 0.844964 -0.0274902 78.0642 -0.841154 0.534405 0.0828889 -110.604 0.0847291 -0.0211488 0.99618 8.77227
0.540216 0.841279 -0.0204183 78.3776 -0.837811 0.53995 0.0807882 -111.087 0.0789903 -0.0265364 0.996522 8.82045
0.546112 0.837552 -0.0164037 78.7624 -0.834317 0.545555 0.0792704 -111.603 0.0753422 -0.0296047 0.996718 8.86596
0.552986 0.833069 -0.0142389 79.1175 -0.829678 0.552141 0.0823125 -112.122 0.0764338 -0.0337039 0.996505 8.91646
0.558721 0.829255 -0.0129107 79.4744 -0.825598 0.557602 0.0864173 -112.644 0.078861 -0.0376241 0.996175 8.95963
0.565387 0.824725 -0.0128856 79.8361 -0.820748 0.564075 0.0905124 -113.173 0.0819163 -0.0405987 0.995812 9.01315
0.572053 0.820126 -0.0121732 80.2003 -0.816047 0.570577 0.092249 -113.688 0.0826016 -0.0428374 0.995662 9.05901
0.579327 0.815023 -0.010818 80.6606 -0.810936 0.577659 0.0932346 -114.299 0.0822376 -0.0452406 0.995585 9.12547
0.58581 0.810418 -0.00704003 81.061 -0.806425 0.583744 0.0944533 -114.812 0.0806562 -0.0496544 0.995504 9.1679
0.592305 0.805702 -0.00435561 81.4895 -0.801904 0.590021 0.0939426 -115.369 0.0782596 -0.0521499 0.995568 9.22299
0.599675 0.800235 -0.00373783 81.9286 -0.796666 0.597429 0.0916637 -115.94 0.0755856 -0.0519907 0.995783 9.28725
0.607744 0.794127 -0.00313155 82.3945 -0.790567 0.605384 0.0922774 -116.517 0.0751757 -0.0536053 0.995728 9.35705
0.615353 0.78825 -0.001559 82.8354 -0.784706 0.612771 0.0935338 -117.103 0.0746834 -0.0563329 0.995615 9.40734
0.623273 0.782003 -0.00143159 83.3251 -0.778383 0.620562 0.0949906 -117.686 0.0751713 -0.0580907 0.995477 9.46932
0.630585 0.776119 -0.00108832 83.8232 -0.772525 0.627799 0.0952543 -118.253 0.0746119 -0.0592252 0.995452 9.51707
0.635698 0.771937 -0.000958758 84.3001 -0.768439 0.632935 0.0943088 -118.863 0.0734073 -0.0592152 0.995543 9.58196
0.639487 0.768799 -0.00219288 84.8355 -0.765339 0.636874 0.0929954 -119.462 0.0728914 -0.057791 0.995664 9.63601
0.642535 0.766248 -0.00361282 85.3416 -0.762821 0.640093 0.0915695 -120.086 0.0724775 -0.0560806 0.995792 9.6976
0.646024 0.763281 -0.0075045 85.8754 -0.759907 0.644034 0.0881006 -120.68 0.0720786 -0.0512123 0.996083 9.75884
0.649714 0.760075 -0.0125249 86.4492 -0.756884 0.648343 0.0823236 -121.354 0.0706926 -0.0440069 0.996527 9.81971
0.652249 0.757854 -0.0151516 86.9756 -0.754921 0.651266 0.0771128 -121.995 0.068308 -0.0388585 0.996907 9.87282
0.655541 0.754962 -0.0172881 87.4532 -0.752321 0.654889 0.071654 -122.601 0.0654178 -0.033966 0.99728 9.9503
0.658701 0.752199 -0.0175669 88.0379 -0.749687 0.658126 0.0695655 -123.263 0.0638884 -0.0326532 0.997423 9.99574
0.661676 0.749572 -0.0180906 88.6223 -0.74693 0.661065 0.0713294 -123.9 0.0654256 -0.0336845 0.997289 10.0774
0.665831 0.745935 -0.015818 89.2193 -0.743098 0.664901 0.0755807 -124.532 0.0668957 -0.0385696 0.997014 10.1265
0.668993 0.743181 -0.0113731 89.8125 -0.740299 0.667609 0.0790943 -125.177 0.0663742 -0.0444941 0.996802 10.1849
0.67229 0.740246 -0.00786505 90.4087 -0.737645 0.670749 0.0773065 -125.834 0.0625013 -0.0461708 0.996976 10.2473
0.675884 0.737003 -0.00273468 91.0276 -0.734874 0.674205 0.0735456 -126.457 0.056047 -0.0476987 0.997288 10.2883
0.678917 0.734213 0.00130817 91.6553 -0.732568 0.677275 0.0681345 -127.147 0.0491393 -0.047216 0.997675 10.3506
0.683749 0.729716 0.00076845 92.2617 -0.728296 0.682352 0.0630868 -127.776 0.0455112 -0.0436952 0.998008 10.3961
0.688196 0.725514 -0.00393168 92.8885 -0.724014 0.687102 0.0607897 -128.436 0.0468052 -0.0389886 0.998143 10.4542
0.69292 0.720852 -0.0152914 93.5162 -0.719106 0.692472 0.0580385 -129.111 0.0524261 -0.0292198 0.998197 10.5144
0.697094 0.716645 -0.0219251 94.1126 -0.714439 0.696871 0.0628365 -129.734 0.0603104 -0.0281388 0.997783 10.5487
0.702708 0.710966 -0.0270081 94.7384 -0.708552 0.702752 0.0639849 -130.382 0.0644711 -0.025826 0.997585 10.6242
0.708315 0.705301 -0.028984 95.3662 -0.70318 0.708593 0.0586037 -131.035 0.0618711 -0.0211289 0.99786 10.6589
0.714221 0.699261 -0.0303792 96.0276 -0.697496 0.714685 0.0521967 -131.668 0.0582107 -0.0160906 0.998175 10.7384
0.719529 0.693565 -0.0352857 96.7152 -0.691961 0.72032 0.0482635 -132.328 0.0588909 -0.0103107 0.998211 10.7816
0.723675 0.688998 -0.0397025 97.3956 -0.687112 0.724689 0.0519918 -132.954 0.0645943 -0.0103451 0.997858 10.8628
0.727239 0.685106 -0.0418631 98.0495 -0.683112 0.728373 0.0531961 -133.593 0.0669369 -0.0100891 0.997706 10.9076
0.730514 0.681493 -0.0437783 98.7624 -0.679746 0.731798 0.049161 -134.208 0.0655398 -0.00615465 0.997831 10.9832
0.732873 0.678918 -0.044368 99.4524 -0.677599 0.734214 0.0423103 -134.882 0.0613008 -0.000944359 0.998119 11.0501
0.734776 0.677083 -0.0407877 100.063 -0.675824 0.735901 0.0413677 -135.532 0.0580251 -0.00283071 0.998311 11.1077
0.735459 0.676196 -0.0431284 100.807 -0.675295 0.736714 0.0350567 -136.118 0.0554785 0.00334164 0.998454 11.1737
0.735807 0.675908 -0.0416619 101.509 -0.675034 0.736981 0.0344794 -136.743 0.0540089 0.00275302 0.998537 11.2327
0.73594 0.67575 -0.0418779 102.141 -0.674937 0.737122 0.0333495 -137.349 0.053405 0.00372173 0.998566 11.2749
0.735073 0.676816 -0.0398596 102.883 -0.675779 0.736152 0.037449 -137.967 0.0546889 -0.000591452 0.998503 11.3432
0.733564 0.678437 -0.0400889 103.621 -0.677279 0.734656 0.0396706 -138.604 0.0563655 -0.00194957 0.998408 11.3968
0.732171 0.680101 -0.0372481 104.289 -0.678698 0.733084 0.0442462 -139.264 0.0573978 -0.00711557 0.998326 11.466
0.730207 0.68225 -0.0364959 105.05 -0.680796 0.731073 0.0452704 -139.915 0.0575669 -0.00821046 0.998308 11.525
0.72806 0.684683 -0.0337307 105.694 -0.683175 0.728758 0.0467281 -140.518 0.0565755 -0.0109769 0.998338 11.6014
0.725871 0.687106 -0.0315629 106.394 -0.685638 0.726456 0.0464942 -141.175 0.0548755 -0.0121081 0.99842 11.6576
0.723644 0.689552 -0.0292694 107.051 -0.688219 0.724135 0.0445347 -141.812 0.051904 -0.0120836 0.998579 11.6984
0.720761 0.692517 -0.0303924 107.702 -0.691366 0.721353 0.0407721 -142.419 0.050159 -0.00837471 0.998706 11.7412
0.717767 0.695413 -0.034806 108.421 -0.694136 0.718582 0.0426073 -143.072 0.0546406 -0.00642202 0.998485 11.8331
0.714412 0.698944 -0.0330771 109.036 -0.696877 0.714969 0.0564167 -143.711 0.0630812 -0.0172541 0.997859 11.8752
0.711152 0.702224 -0.0338418 109.744 -0.699624 0.711616 0.064261 -144.347 0.0692079 -0.0220229 0.997359 11.9746
0.707121 0.706205 -0.0354225 110.38 -0.703951 0.707812 0.0587789 -145.005 0.0665824 -0.0166281 0.997642 12.0222
0.703153 0.710496 -0.0277569 111.009 -0.708506 0.703407 0.0568989 -145.593 0.0599508 -0.0203427 0.997994 12.0865
0.700753 0.712985 -0.0244451 111.661 -0.711168 0.700857 0.0551276 -146.267 0.0564377 -0.0212463 0.99818 12.1296
0.697517 0.716231 -0.0219939 112.277 -0.714371 0.697453 0.0568623 -146.916 0.0560662 -0.0239506 0.99814 12.2067
0.694239 0.719344 -0.0240029 112.893 -0.71753 0.694332 0.0552643 -147.572 0.05642 -0.0211438 0.998183 12.2508
0.691009 0.722436 -0.0243647 113.504 -0.720533 0.691101 0.0566678 -148.212 0.0577773 -0.0216024 0.998096 12.3162
0.686524 0.726441 -0.0311305 114.172 -0.724586 0.687078 0.0538402 -148.884 0.0605008 -0.0144059 0.998064 12.3661
0.683143 0.72961 -0.0313845 114.779 -0.727542 0.683669 0.0572624 -149.497 0.0632359 -0.0162848 0.997866 12.4532
0.680292 0.732215 -0.0326123 115.358 -0.730182 0.680917 0.0564461 -150.216 0.0635369 -0.014587 0.997873 12.4965
0.674966 0.737161 -0.0318367 116.007 -0.735122 0.675552 0.0567933 -150.837 0.0633732 -0.0149297 0.997878 12.5616
0.670849 0.740877 -0.0326059 116.549 -0.738863 0.671502 0.0562754 -151.471 0.0635881 -0.0136609 0.997883 12.6203
0.665145 0.746073 -0.0309474 117.184 -0.743937 0.665673 0.0586221 -152.168 0.0643372 -0.0159693 0.9978 12.6717
0.658992 0.751473 -0.0319195 117.779 -0.748944 0.659506 0.0642997 -152.797 0.0693706 -0.018467 0.99742 12.761
0.652917 0.756728 -0.032588 118.4 -0.753799 0.653393 0.0697455 -153.506 0.0740712 -0.0209732 0.997032 12.8381
0.64614 0.762587 -0.0310524 119.011 -0.759397 0.646439 0.0737103 -154.157 0.076284 -0.0240461 0.996796 12.926
0.639708 0.768204 -0.0252139 119.6 -0.765528 0.639732 0.0686299 -154.875 0.0688519 -0.0246012 0.997324 12.9852
0.633773 0.773382 -0.0145862 120.165 -0.77124 0.63324 0.0647716 -155.567 0.0593298 -0.029801 0.997794 13.0223
0.626709 0.779159 -0.0121178 120.771 -0.777423 0.626226 0.0587705 -156.303 0.0533801 -0.0274113 0.998198 13.1032
0.61941 0.785056 -0.00425149 121.385 -0.783439 0.618465 0.0610288 -157.001 0.0505404 -0.0344711 0.998127 13.1346
0.611729 0.791049 -0.00541175 121.929 -0.789316 0.610815 0.0623332 -157.752 0.0526141 -0.0338594 0.998041 13.2103
0.605048 0.796084 -0.0129368 122.496 -0.794115 0.604565 0.0623087 -158.528 0.0574241 -0.0274264 0.997973 13.2513
0.596863 0.802158 -0.0172422 123.115 -0.799535 0.596433 0.0707934 -159.271 0.0670713 -0.0284682 0.997342 13.3505
0.589415 0.807502 -0.0230415 123.684 -0.804722 0.589407 0.0708651 -160.029 0.0708045 -0.0232269 0.99722 13.425
0.582614 0.812436 -0.0225459 124.202 -0.809917 0.582674 0.0672719 -160.801 0.067791 -0.0209332 0.99748 13.476
0.576129 0.817025 -0.0233483 124.706 -0.814851 0.576363 0.0618379 -161.571 0.0639802 -0.0166012 0.997813 13.538
0.568636 0.822286 -0.0223493 125.254 -0.820225 0.56885 0.0603312 -162.354 0.0623229 -0.015975 0.997928 13.6153
0.561985 0.826869 -0.0214814 125.766 -0.824747 0.562142 0.0615536 -163.114 0.0629724 -0.0168755 0.997873 13.6701
0.555965 0.830845 -0.0244677 126.282 -0.828805 0.556355 0.0595928 -163.858 0.0631251 -0.0128525 0.997923 13.7488
0.549779 0.834865 -0.027264 126.802 -0.83321 0.550418 0.0529221 -164.589 0.0591894 -0.00637887 0.998226 13.7979
0.545265 0.837823 -0.0272025 127.28 -0.836349 0.545925 0.0498699 -165.345 0.0566326 -0.00444155 0.998385 13.8476
0.540808 0.840804 -0.0239789 127.759 -0.839387 0.5413 0.049229 -166.091 0.0543717 -0.00649583 0.9985 13.8991
0.536285 0.843735 -0.0225636 128.242 -0.842222 0.536693 0.0512193 -166.827 0.0553253 -0.00846457 0.998433 13.9832
0.533189 0.845631 -0.0248651 128.699 -0.843913 0.533707 0.0544765 -167.59 0.0593376 -0.00806228 0.998205 14.0417
0.530238 0.847401 -0.0275351 129.137 -0.845311 0.530883 0.0600973 -168.286 0.0655444 -0.00859017 0.997813 14.1007
0.525865 0.85018 -0.0257146 129.631 -0.847932 0.526374 0.0627857 -169.011 0.0669146 -0.0112126 0.997696 14.1702
0.52322 0.851858 -0.0240517 130.032 -0.849935 0.523679 0.058062 -169.7 0.062056 -0.00993684 0.998023 14.2189
0.521357 0.853014 -0.0235283 130.507 -0.85154 0.521849 0.0505292 -170.467 0.0553804 -0.00630847 0.998445 14.2682
0.519321 0.854189 -0.0258342 130.942 -0.853016 0.519962 0.0447643 -171.168 0.05167 -0.00121012 0.998663 14.3365
0.516027 0.856062 -0.0295615 131.36 -0.854969 0.516865 0.0433471 -171.888 0.0523871 0.00290591 0.998623 14.3917
0.513746 0.857279 -0.0337291 131.759 -0.856127 0.514819 0.0448169 -172.571 0.055785 0.00585191 0.998426 14.4423
0.5117 0.858426 -0.035617 132.16 -0.856888 0.512921 0.0515287 -173.227 0.0625023 0.00415254 0.998036 14.4885
0.508618 0.860244 -0.0358984 132.614 -0.858096 0.509883 0.0607532 -173.963 0.0705665 -9.59596e-05 0.997507 14.566
0.506632 0.861219 -0.0403276 132.989 -0.858981 0.508224 0.0621297 -174.627 0.0740028 0.00316378 0.997253 14.637
0.504402 0.862653 -0.037523 133.39 -0.860847 0.505779 0.0559384 -175.291 0.0672338 0.00408613 0.997729 14.6799
0.50203 0.864462 -0.0259036 133.794 -0.863113 0.502694 0.0483206 -175.95 0.0547929 -0.00190069 0.998496 14.7207
0.499575 0.866117 -0.0163367 134.185 -0.865005 0.499775 0.0446181 -176.573 0.0468092 -0.00815873 0.998871 14.757
0.497646 0.867277 -0.0134202 134.592 -0.866103 0.497692 0.0465596 -177.242 0.0470592 -0.0115469 0.998825 14.833
0.494476 0.868984 -0.0189558 134.949 -0.867664 0.494782 0.0484636 -177.883 0.0514931 -0.00751679 0.998645 14.8709
0.492698 0.869961 -0.0204203 135.307 -0.868508 0.493067 0.0507862 -178.549 0.0542506 -0.00728703 0.998501 14.9309
0.489274 0.87193 -0.0186581 135.697 -0.870516 0.489558 0.0503533 -179.183 0.0530388 -0.00839436 0.998557 14.9726
0.487002 0.873222 -0.0176902 136.047 -0.871884 0.48725 0.0490523 -179.773 0.0514531 -0.00846478 0.99864 15.0172
0.484501 0.874613 -0.0175962 136.384 -0.873304 0.484752 0.0485285 -180.425 0.0509735 -0.00814534 0.998667 15.0637
0.482282 0.87581 -0.018983 136.723 -0.874472 0.482605 0.0489049 -181.021 0.0519927 -0.00698587 0.998623 15.1095
0.477453 0.878417 -0.0205285 137.047 -0.876997 0.477857 0.0502886 -181.606 0.053984 -0.00600703 0.998524 15.1599
0.47352 0.880531 -0.0210446 137.419 -0.879004 0.473947 0.0522201 -182.245 0.0559555 -0.00622895 0.998414 15.2133
0.468436 0.883215 -0.0223365 137.697 -0.881613 0.468938 0.0534422 -182.8 0.0576754 -0.00534216 0.998321 15.2466
0.463662 0.885685 -0.024078 138.038 -0.883958 0.464266 0.0554578 -183.408 0.0602967 -0.00442979 0.998171 15.2973
0.457932 0.888622 -0.0254974 138.303 -0.886695 0.458622 0.0586415 -183.98 0.0638038 -0.00424538 0.997953 15.3447
0.452028 0.891574 -0.0276843 138.603 -0.889437 0.452863 0.0617766 -184.598 0.0676156 -0.00330131 0.997706 15.3899
0.445537 0.894845 -0.0273689 138.903 -0.892575 0.446359 0.0638246 -185.194 0.0693295 -0.00400746 0.997586 15.448
0.438636 0.898371 -0.0229985 139.204 -0.896008 0.439162 0.0656302 -185.795 0.0690603 -0.00818092 0.997579 15.4925
0.432763 0.901299 -0.0193911 139.527 -0.898893 0.433046 0.0668084 -186.412 0.0686115 -0.0114817 0.997577 15.532
0.425506 0.904762 -0.0187429 139.822 -0.902303 0.425752 0.0677074 -187.013 0.0692389 -0.0118981 0.997529 15.5918
0.418929 0.907834 -0.0183271 140.121 -0.905177 0.419128 0.0706065 -187.654 0.0717804 -0.0129898 0.997336 15.6475
0.410837 0.911559 -0.0165319 140.415 -0.908599 0.410864 0.0750891 -188.27 0.0752405 -0.0158285 0.99704 15.6999
0.40373 0.914746 -0.0155228 140.743 -0.911526 0.403644 0.0786859 -188.909 0.0782434 -0.0176184 0.996779 15.7534
0.396824 0.91778 -0.0145099 140.985 -0.914369 0.396635 0.0813066 -189.536 0.0803766 -0.018997 0.996584 15.7982
0.389213 0.921041 -0.0140337 141.291 -0.917451 0.388969 0.0835917 -190.203 0.0824501 -0.0196597 0.996401 15.8734
0.381802 0.924149 -0.0132509 141.575 -0.920395 0.38148 0.0857079 -190.863 0.0842619 -0.0205274 0.996232 15.9284
0.374156 0.927229 -0.0158964 141.832 -0.9234 0.374085 0.0859809 -191.581 0.0856706 -0.0174915 0.99617 16.008
0.366576 0.930239 -0.0166572 142.107 -0.926454 0.366613 0.0853105 -192.243 0.0854659 -0.0158406 0.996215 16.0619
0.359255 0.933098 -0.0162525 142.387 -0.929517 0.359322 0.0829787 -192.976 0.0832671 -0.0147036 0.996419 16.131
0.351938 0.93592 -0.0138936 142.661 -0.932622 0.351885 0.0799518 -193.665 0.0797174 -0.0151806 0.996702 16.1918
0.345642 0.938278 -0.0128763 142.949 -0.935272 0.345583 0.0764145 -194.439 0.0761479 -0.0143692 0.996993 16.2475
0.339516 0.940494 -0.0141509 143.238 -0.937784 0.339624 0.0722311 -195.18 0.0727389 -0.0112531 0.997288 16.338
0.333809 0.942566 -0.011895 143.495 -0.940251 0.333835 0.0669481 -195.939 0.0670739 -0.0111637 0.997686 16.3773
0.328205 0.944547 -0.0106401 143.739 -0.942574 0.328216 0.0618715 -196.713 0.0619328 -0.0102774 0.998027 16.4015
0.323371 0.946152 -0.0150477 144.032 -0.944181 0.323673 0.0613003 -197.51 0.06287 -0.00561499 0.998006 16.4703
0.318357 0.947748 -0.0205515 144.286 -0.945324 0.319012 0.067772 -198.287 0.070787 -0.00214785 0.997489 16.5417
0.312757 0.949422 -0.0279501 144.558 -0.946154 0.313998 0.0787238 -199.045 0.0835184 0.00182366 0.996505 16.6158
0.308074 0.95071 -0.0352223 144.829 -0.946891 0.310001 0.0854247 -199.884 0.0921331 0.00703455 0.995722 16.699
0.30238 0.952306 -0.0409773 145.076 -0.948893 0.304816 0.0817898 -200.665 0.0903795 0.0141514 0.995807 16.7579
0.298524 0.95337 -0.0443822 145.39 -0.950685 0.30114 0.0742557 -201.54 0.0841584 0.0200264 0.996251 16.8327
0.293504 0.954836 -0.0463039 145.537 -0.952699 0.296156 0.0682372 -202.391 0.0788685 0.0240858 0.996594 16.8849
0.288813 0.956362 -0.0442635 145.853 -0.953754 0.291433 0.0736236 -203.242 0.0833106 0.020953 0.996303 16.9854
0.284059 0.957926 -0.0410755 146.09 -0.954427 0.286592 0.0832708 -204.087 0.0915392 0.0155497 0.99568 17.0614
0.279746 0.959346 -0.0373733 146.393 -0.955498 0.281997 0.08661 -204.959 0.0936281 0.0114813 0.995541 17.1562
0.274699 0.960956 -0.0332146 146.628 -0.957446 0.27655 0.082567 -205.838 0.0885288 0.00912004 0.996032 17.2209
0.268947 0.962702 -0.0295372 146.901 -0.959471 0.270472 0.0791175 -206.717 0.0841556 0.00706172 0.996428 17.2951
0.264088 0.964082 -0.0283384 147.115 -0.960802 0.265532 0.0796972 -207.602 0.0843594 0.00618054 0.996416 17.3797
0.258936 0.965544 -0.0260372 147.404 -0.961862 0.260221 0.0842968 -208.516 0.0881677 0.00321675 0.9961 17.482
0.25393 0.966753 -0.0301532 147.637 -0.963125 0.255598 0.084029 -209.413 0.0889423 0.00770386 0.996007 17.5506
0.249866 0.967699 -0.0335568 147.882 -0.964199 0.251842 0.0830376 -210.309 0.0888064 0.0116072 0.995981 17.6383
0.245605 0.968737 -0.035032 148.128 -0.965369 0.247711 0.0818644 -211.228 0.0879829 0.0137125 0.996028 17.7235
0.242274 0.96952 -0.0365224 148.371 -0.966243 0.244512 0.0811668 -212.147 0.087623 0.015625 0.996031 17.8127
0.238465 0.970456 -0.0367266 148.575 -0.967274 0.240719 0.0802156 -213.05 0.0866865 0.0163961 0.996101 17.9055
0.237418 0.97083 -0.0334884 148.842 -0.967679 0.239384 0.0793294 -214.035 0.0850319 0.0135717 0.996286 17.9966
0.233421 0.971812 -0.0331157 149.068 -0.968844 0.235338 0.0771845 -214.959 0.0828022 0.0140674 0.996467 18.0801
0.231502 0.972356 -0.0305223 149.282 -0.969367 0.233209 0.0770795 -215.907 0.0820668 0.0117433 0.996558 18.1506
0.230155 0.972743 -0.0282742 149.494 -0.969512 0.231708 0.0797403 -216.774 0.0841182 0.0090595 0.996415 18.2372
0.22808 0.97326 -0.0272724 149.755 -0.96991 0.229567 0.0810764 -217.764 0.0851693 0.00795988 0.996335 18.3324
0.226763 0.973535 -0.0284465 149.978 -0.970202 0.228354 0.0810129 -218.72 0.0853647 0.00922814 0.996307 18.413
0.224993 0.973973 -0.0274583 150.218 -0.970747 0.226495 0.0796931 -219.644 0.0838381 0.00872464 0.996441 18.5338
0.2233 0.974359 -0.0275883 150.404 -0.971444 0.224782 0.0759626 -220.511 0.0802163 0.00983805 0.996729 18.5766
0.22167 0.974678 -0.0294066 150.593 -0.97206 0.223262 0.0724832 -221.51 0.0772132 0.0125176 0.996936 18.6997
0.220493 0.97496 -0.028904 150.833 -0.972161 0.222075 0.0747407 -222.423 0.0792881 0.0116195 0.996784 18.753
0.218122 0.975521 -0.0279636 151.069 -0.972223 0.219698 0.0807181 -223.355 0.0848857 0.0095805 0.996345 18.8563
0.216814 0.975729 -0.0307367 151.268 -0.972166 0.218672 0.0841208 -224.277 0.0888004 0.0116427 0.995981 18.9235
0.213917 0.976453 -0.0278972 151.475 -0.972829 0.215538 0.0845432 -225.171 0.0885654 0.009054 0.996029 19.0267
0.210783 0.977175 -0.0264465 151.72 -0.973834 0.21226 0.0812004 -226.116 0.0849605 0.00863878 0.996347 19.1159
0.208499 0.977716 -0.0244884 151.87 -0.974836 0.209774 0.0754327 -227.057 0.0788888 0.00814455 0.99685 19.1823
0.204665 0.978503 -0.0253784 152.072 -0.975938 0.205983 0.0715228 -227.998 0.0752128 0.0101295 0.997116 19.2673
0.20056 0.979413 -0.0229279 152.298 -0.976827 0.201706 0.0715824 -228.918 0.0747334 0.00804001 0.997171 19.3603
0.195767 0.980391 -0.0225742 152.477 -0.977684 0.196912 0.0732157 -229.845 0.0762251 0.00773726 0.997061 19.4372
0.192367 0.981054 -0.0229951 152.628 -0.978349 0.193554 0.0732783 -230.746 0.0763407 0.00840092 0.997046 19.5108
0.188199 0.981881 -0.0221666 152.829 -0.979192 0.189333 0.0730434 -231.663 0.0759168 0.00795861 0.997082 19.5958
0.183841 0.982696 -0.0226211 153.003 -0.980111 0.18501 0.0717829 -232.599 0.0747258 0.00897452 0.997164 19.6704
0.179949 0.983434 -0.0217986 153.193 -0.980877 0.181063 0.0713868 -233.521 0.0741512 0.00853581 0.99721 19.7425
0.176478 0.984098 -0.0201451 153.357 -0.981506 0.177482 0.07174 -234.439 0.0741746 0.007112 0.99722 19.8225
0.172506 0.984868 -0.0166428 153.593 -0.982166 0.173266 0.0729957 -235.394 0.0747748 0.00375382 0.997193 19.9128
0.167592 0.985748 -0.0146566 153.659 -0.983106 0.168215 0.0721581 -236.257 0.0735951 0.00231592 0.997286 19.969
0.16467 0.986297 -0.0100644 153.887 -0.983587 0.164964 0.0730939 -237.232 0.0737526 -0.00213717 0.997274 20.0545
0.160831 0.986969 -0.00513213 154.063 -0.983951 0.160742 0.0774739 -238.133 0.0772893 -0.00741045 0.996981 20.1375
0.158553 0.987346 -0.00291581 154.212 -0.983941 0.15825 0.0825707 -239.041 0.0819873 -0.0102228 0.996581 20.2173
0.154837 0.98794 -0.000740383 154.352 -0.984367 0.154341 0.0848613 -239.926 0.0839521 -0.0124109 0.996393 20.3031
0.150753 0.988571 0.00100242 154.553 -0.985202 0.150155 0.0826496 -240.848 0.0815545 -0.0134473 0.996578 20.3866
0.148331 0.988937 0.000819144 154.647 -0.985883 0.147808 0.0786638 -241.76 0.0776725 -0.0124759 0.996901 20.4577
0.14557 0.989347 0.00166526 154.783 -0.986483 0.14502 0.0762871 -242.73 0.0752329 -0.0127478 0.997085 20.5383
0.141193 0.989982 0.000227864 154.914 -0.987252 0.140787 0.0742482 -243.614 0.0734723 -0.0107083 0.99724 20.6209
0.138869 0.990311 -0.000326052 155.099 -0.987539 0.138505 0.0747151 -244.567 0.0740364 -0.0100536 0.997205 20.6996
0.134099 0.990968 0.000786724 155.218 -0.988107 0.133652 0.0760441 -245.433 0.075252 -0.0109748 0.997104 20.7646
0.129792 0.99154 0.00166976 155.339 -0.988449 0.129254 0.0791303 -246.353 0.078245 -0.011921 0.996863 20.8551
0.123916 0.992268 -0.00695072 155.425 -0.989437 0.124087 0.0749413 -247.231 0.0752244 -0.00240913 0.997164 20.9153
0.119333 0.992819 -0.00842058 155.541 -0.990456 0.11963 0.0684548 -248.166 0.0689706 0.00017129 0.997619 20.989
0.114373 0.993409 -0.00755584 155.668 -0.990978 0.114621 0.0694619 -249.081 0.0698702 -0.000456911 0.997556 21.0551
0.109725 0.993907 -0.0104513 155.742 -0.990605 0.110212 0.0809653 -249.94 0.0816238 0.00146918 0.996662 21.1503
0.104912 0.994406 -0.0122542 155.847 -0.989912 0.105602 0.094459 -250.85 0.0952246 0.00222065 0.995453 21.2193
0.0986754 0.995063 -0.0106266 155.934 -0.990201 0.0992425 0.0982484 -251.699 0.098818 0.000827781 0.995105 21.3145
0.092693 0.99568 -0.00543315 156.049 -0.991287 0.0927942 0.0934863 -252.548 0.0935866 -0.00327971 0.995606 21.3944
0.0882929 0.996091 -0.00280382 156.14 -0.992324 0.088203 0.0866848 -253.5 0.0865932 -0.00487136 0.996232 21.4833
0.0831059 0.996541 0.000123322 156.192 -0.993177 0.0828152 0.0820982 -254.335 0.081804 -0.00694533 0.996624 21.5511
0.0778015 0.996958 0.00465645 156.308 -0.993658 0.077162 0.0817869 -255.249 0.0811788 -0.0109901 0.996639 21.6505
0.0707893 0.997447 0.00943882 156.386 -0.994354 0.0698135 0.0799173 -256.152 0.0790543 -0.0150428 0.996757 21.733
0.0638111 0.997857 0.0145068 156.408 -0.995157 0.0625359 0.07584 -257.003 0.0747702 -0.019276 0.997014 21.7943
0.0566893 0.998256 0.016481 156.529 -0.995865 0.0553643 0.0720315 -257.922 0.0709934 -0.0204962 0.997266 21.8683
0.0492577 0.998706 0.0126233 156.555 -0.996131 0.048202 0.0734774 -258.781 0.0727738 -0.0161938 0.997217 21.9457
0.0439501 0.998963 0.0118737 156.579 -0.996091 0.0429059 0.0772132 -259.677 0.0766237 -0.0152208 0.996944 22.0189
0.036752 0.999275 0.0099437 156.608 -0.996192 0.0358479 0.0794706 -260.512 0.0790565 -0.0128265 0.996788 22.091
0.030032 0.9995 0.00985914 156.657 -0.996553 0.0291774 0.0776582 -261.374 0.0773317 -0.0121574 0.996931 22.1579
0.0247189 0.999622 0.012003 156.662 -0.996893 0.0237496 0.0751033 -262.286 0.0747898 -0.0138222 0.997104 22.2366
0.0187665 0.999787 0.00859379 156.685 -0.997103 0.018081 0.0738822 -263.174 0.0737111 -0.00995541 0.99723 22.306
0.012678 0.999899 0.0064926 156.703 -0.997061 0.0121509 0.0756384 -264.009 0.0755518 -0.00743247 0.997114 22.3795
0.00862267 0.999927 0.00846296 156.718 -0.996802 0.00792275 0.0795146 -264.886 0.0794418 -0.00912152 0.996798 22.4578
0.00474368 0.999972 0.00578334 156.711 -0.996683 0.00425808 0.0812664 -265.746 0.0812395 -0.00614966 0.996676 22.52
0.00119523 0.999999 0.000681328 156.735 -0.996798 0.00113693 0.0799477 -266.61 0.0799469 -0.000774703 0.996799 22.601
-0.00110378 0.999998 -0.00138012 156.728 -0.99701 -0.000993841 0.077267 -267.461 0.0772655 0.00146128 0.997009 22.668
-0.00328401 0.99999 -0.00291659 156.695 -0.997142 -0.00305448 0.0754888 -268.339 0.0754792 0.00315616 0.997142 22.7493
-0.00424347 0.999977 -0.00521802 156.699 -0.997199 -0.00384191 0.0746946 -269.241 0.0746729 0.00552037 0.997193 22.8181
-0.00605358 0.999959 -0.00667985 156.709 -0.997089 -0.00552823 0.0760431 -270.054 0.076003 0.00712074 0.997082 22.8988
-0.00650672 0.99994 -0.00884895 156.677 -0.996964 -0.00580021 0.0776481 -270.919 0.0775921 0.00932732 0.996942 22.9631
-0.00671973 0.999903 -0.0122389 156.715 -0.996842 -0.00572977 0.0791985 -271.763 0.0791207 0.0127324 0.996784 23.0422
-0.00564046 0.999882 -0.0143181 156.716 -0.99676 -0.00447287 0.0803071 -272.6 0.0802335 0.0147247 0.996667 23.11
-0.00359174 0.999867 -0.0159061 156.698 -0.996766 -0.00230272 0.0803283 -273.49 0.080281 0.0161432 0.996642 23.1933
-0.0019583 0.999843 -0.0176061 156.671 -0.996764 -0.000536865 0.0803806 -274.3 0.0803586 0.0177065 0.996609 23.2676
-0.000350601 0.999821 -0.0188995 156.689 -0.996836 0.00115284 0.0794799 -275.091 0.0794875 0.0188676 0.996657 23.3411
0.00202409 0.999796 -0.0200952 156.715 -0.996989 0.00357542 0.077466 -275.878 0.077522 0.0198779 0.996792 23.4118
0.00538233 0.999779 -0.0203044 156.728 -0.997229 0.00687294 0.0740727 -276.7 0.0741959 0.0198495 0.997046 23.4839
0.00924027 0.999762 -0.019778 156.703 -0.997399 0.0106288 0.0712938 -277.509 0.071487 0.0190677 0.997259 23.5531
0.0123367 0.999744 -0.0189711 156.752 -0.997532 0.0136165 0.0688796 -278.23 0.0691203 0.0180745 0.997445 23.616
0.0168622 0.999762 -0.013862 156.752 -0.997448 0.0177819 0.0691449 -279.104 0.069375 0.0126607 0.99751 23.6845
0.0204833 0.999722 -0.0116769 156.769 -0.997297 0.0212551 0.0703382 -279.767 0.0705668 0.0102045 0.997455 23.7435
0.0245241 0.999642 -0.0107339 156.812 -0.997156 0.0252257 0.0710212 -280.511 0.0712665 0.00896164 0.997417 23.7999
0.028519 0.999525 -0.0116965 156.813 -0.997241 0.0292522 0.0682306 -281.304 0.0685403 0.00971839 0.997601 23.8666
0.0321462 0.999438 -0.00952399 156.829 -0.997349 0.0326984 0.0650018 -281.998 0.0652767 0.00740919 0.99784 23.915
0.0360906 0.999322 -0.00734618 156.9 -0.997335 0.0364833 0.0631872 -282.737 0.0634124 0.00504613 0.997975 23.9688
0.0390374 0.999203 -0.00835955 156.941 -0.997167 0.0394935 0.0640188 -283.391 0.0642979 0.00583673 0.997914 24.0314
0.0432166 0.999029 -0.00851298 156.975 -0.996894 0.0436826 0.0655304 -284.039 0.0658387 0.00565454 0.997814 24.0734
0.0476437 0.99883 -0.00834558 156.933 -0.996559 0.0480994 0.067499 -284.821 0.0678215 0.00510096 0.997684 24.1312
0.050686 0.998689 -0.00717779 157.006 -0.996209 0.0510663 0.0704282 -285.443 0.0707024 0.00358085 0.997491 24.2011
0.0537397 0.998542 -0.00506043 157.059 -0.996039 0.0539632 0.0706714 -286.068 0.0708415 0.00124252 0.997487 24.2319
0.0561784 0.998416 -0.00308226 157.131 -0.995845 0.0562548 0.0716069 -286.675 0.0716668 -0.000953307 0.997428 24.2849
0.059302 0.998239 -0.0011512 157.168 -0.995626 0.0592301 0.0722477 -287.301 0.0721887 -0.00313827 0.997386 24.3295
0.0636825 0.99797 -0.000460302 157.184 -0.995441 0.0635539 0.0711177 -287.921 0.0710026 -0.00407075 0.997468 24.3923
0.066926 0.997758 -0.000751319 157.225 -0.995111 0.0668032 0.0727414 -288.546 0.0726284 -0.00412064 0.997351 24.4404
0.0691126 0.997602 0.00377061 157.322 -0.99479 0.0686328 0.0753849 -289.056 0.0749453 -0.00896101 0.997147 24.4945
0.0721278 0.997389 0.00357227 157.338 -0.994564 0.0716529 0.0755542 -289.65 0.0751009 -0.00900241 0.997135 24.5287
0.0758863 0.997103 0.00524852 157.412 -0.994326 0.0752794 0.0751578 -290.216 0.0745449 -0.0109222 0.997158 24.5967
0.079375 0.996825 0.00624868 157.465 -0.99406 0.0786835 0.0751915 -290.796 0.0744611 -0.0121799 0.99715 24.6428
0.0822711 0.996594 0.0056756 157.493 -0.993806 0.0816115 0.0754203 -291.326 0.0747002 -0.0118454 0.997136 24.691
0.0851925 0.996339 0.00716097 157.549 -0.993485 0.0843981 0.076583 -291.826 0.0756983 -0.0136386 0.997037 24.7232
0.0883879 0.99606 0.00726798 157.584 -0.993132 0.0875619 0.0775966 -292.428 0.0766544 -0.0140767 0.996958 24.7812
0.0900198 0.995921 0.00611083 157.657 -0.992885 0.0892617 0.0788158 -292.876 0.0779489 -0.0131623 0.99687 24.8268
0.0920088 0.995733 0.00711996 157.697 -0.992573 0.0911408 0.0805699 -293.366 0.0795772 -0.0144802 0.996724 24.8694
0.0935233 0.995582 0.00840961 157.757 -0.992353 0.09253 0.0816881 -293.868 0.0805491 -0.015985 0.996622 24.9124
0.0958317 0.99536 0.00859833 157.797 -0.991983 0.0947845 0.083582 -294.372 0.0823792 -0.0165392 0.996464 24.9615
0.0965147 0.995288 0.00927636 157.856 -0.99184 0.0953919 0.0845833 -294.852 0.0832999 -0.0173642 0.996373 25.007
0.0966224 0.995284 0.00857592 157.933 -0.991755 0.0955439 0.085405 -295.34 0.0841828 -0.0167572 0.996309 25.0508
0.0965224 0.995293 0.00870577 157.965 -0.991741 0.0954284 0.085688 -295.824 0.0844539 -0.0169047 0.996284 25.0957
0.0954775 0.995373 0.0107603 158.01 -0.991905 0.0942247 0.0851202 -296.325 0.0837125 -0.0188003 0.996313 25.1294
0.0937986 0.995524 0.0115243 158.056 -0.992164 0.0925097 0.083983 -296.838 0.082541 -0.0193115 0.996401 25.177
0.0923865 0.995672 0.0101439 158.124 -0.992259 0.0912112 0.0842751 -297.324 0.0829851 -0.0178512 0.996391 25.231
0.0900218 0.99591 0.00771076 158.16 -0.992202 0.0890112 0.0872463 -297.838 0.0862031 -0.0155047 0.996157 25.2717
0.0876005 0.996154 0.00185628 158.199 -0.99203 0.0870682 0.0910765 -298.354 0.0905646 -0.00981984 0.995842 25.337
0.0847734 0.9964 -0.000920237 158.242 -0.991795 0.0844703 0.0959565 -298.892 0.0956888 -0.00722188 0.995385 25.38
0.0825889 0.996583 -0.000767793 158.304 -0.991646 0.0822563 0.0993541 -299.44 0.0990778 -0.00744416 0.995052 25.4189
0.0805895 0.996747 -0.000372234 158.345 -0.991744 0.0802224 0.10004 -299.989 0.0997445 -0.00769302 0.994983 25.4483
0.0787032 0.996891 -0.00387368 158.381 -0.992158 0.0787068 0.0970956 -300.544 0.0970985 -0.00379843 0.995268 25.5176
0.0766407 0.996985 -0.0121113 158.388 -0.992793 0.0774296 0.09147 -301.124 0.092132 0.00501373 0.995734 25.5984
0.0746678 0.997111 -0.0139364 158.438 -0.993022 0.0756263 0.0904843 -301.732 0.0912769 0.00708286 0.9958 25.6612
0.0719501 0.997359 -0.00986841 158.491 -0.992951 0.0725594 0.0937234 -302.299 0.094192 0.00305543 0.995549 25.7068
0.0699791 0.997525 -0.0068739 158.547 -0.992892 0.0703159 0.0960279 -302.908 0.0962735 0.000105095 0.995355 25.7434
0.0681644 0.997611 -0.0112275 158.575 -0.993132 0.0689224 0.0945416 -303.519 0.0950896 0.00470599 0.995458 25.8077
0.0671247 0.997625 -0.0154664 158.621 -0.99338 0.0682714 0.0923839 -304.158 0.0932204 0.00916282 0.995603 25.88
0.0651625 0.997735 -0.0167215 158.668 -0.993534 0.0664312 0.09207 -304.815 0.0929723 0.0106139 0.995612 25.9517
0.0631062 0.99792 -0.0131398 158.71 -0.993563 0.0640608 0.0934286 -305.449 0.094076 0.00715929 0.995539 26.0037
0.0609705 0.998074 -0.0114589 158.751 -0.993524 0.0617873 0.0953557 -306.125 0.09588 0.0055708 0.995377 26.066
0.0596776 0.998168 -0.00991513 158.804 -0.993294 0.0603656 0.0986068 -306.797 0.0990248 0.00396402 0.995077 26.1212
0.0576052 0.99828 -0.0109283 158.858 -0.993199 0.0584146 0.100715 -307.486 0.10118 0.00505227 0.994855 26.2043
0.0564141 0.998377 -0.00778713 158.894 -0.993396 0.0569097 0.0996305 -308.189 0.099912 0.00211514 0.994994 26.2711
0.054618 0.998499 -0.00400826 158.959 -0.993613 0.0547468 0.0986722 -308.867 0.0987436 -0.00140662 0.995112 26.3415
0.0530597 0.998589 -0.00224805 158.961 -0.993567 0.0530182 0.10007 -309.592 0.100048 -0.0030761 0.994978 26.3997
0.0504953 0.998707 -0.00592138 159.012 -0.993243 0.0508376 0.104322 -310.301 0.104488 0.000613594 0.994526 26.4946
0.0488443 0.998775 -0.00787185 159.062 -0.992647 0.0494155 0.110498 -311.027 0.110752 0.00241678 0.993845 26.5667
0.0475914 0.998838 -0.00766059 159.104 -0.992284 0.0481554 0.114249 -311.749 0.114486 0.00216419 0.993423 26.627
0.0462595 0.99888 -0.00998075 159.125 -0.992583 0.0470878 0.112083 -312.507 0.112427 0.00472183 0.993649 26.7166
0.0456766 0.998838 -0.0153441 159.136 -0.993259 0.0470489 0.105935 -313.293 0.106534 0.0104019 0.994255 26.8243
0.0441002 0.998857 -0.0184594 159.145 -0.993597 0.0457769 0.103291 -314.058 0.104018 0.013786 0.99448 26.9146
0.0435016 0.998837 -0.0208142 159.188 -0.993527 0.0454398 0.10411 -314.8 0.104934 0.0161505 0.994348 26.9902
0.0416067 0.998905 -0.0213772 159.235 -0.99342 0.0436443 0.105888 -315.584 0.106705 0.0168309 0.994148 27.0619
0.0406829 0.998919 -0.0225055 159.269 -0.993328 0.0428673 0.107062 -316.381 0.107911 0.0179997 0.993998 27.1523
0.040865 0.998898 -0.0230838 159.299 -0.993383 0.0430994 0.106452 -317.18 0.10733 0.0185809 0.99405 27.2368
0.0416367 0.99884 -0.0241707 159.321 -0.993547 0.0439463 0.104563 -317.983 0.105504 0.0196611 0.994225 27.3173
0.04244 0.99879 -0.0248306 159.362 -0.993644 0.0447888 0.103275 -318.781 0.104262 0.0202898 0.994343 27.4118
0.0436635 0.998732 -0.0250677 159.411 -0.993675 0.0460134 0.10243 -319.621 0.103454 0.0204367 0.994424 27.5131
0.04558 0.998656 -0.0246627 159.451 -0.99374 0.0478486 0.100948 -320.467 0.101993 0.0199071 0.994586 27.582
0.0474522 0.998548 -0.0255082 159.507 -0.99382 0.0497623 0.0992251 -321.287 0.10035 0.0206421 0.994738 27.673
0.0491354 0.99842 -0.0272475 159.551 -0.993836 0.0515877 0.0981254 -322.121 0.0993761 0.0222581 0.994801 27.7611
0.0512826 0.99829 -0.0280743 159.597 -0.993766 0.0537963 0.0976469 -322.995 0.0989902 0.0228917 0.994825 27.8551
0.0530029 0.998183 -0.0286515 159.629 -0.993619 0.0555777 0.0981464 -323.873 0.0995605 0.0232666 0.994759 27.9328
0.0563855 0.99793 -0.0309361 159.707 -0.993513 0.0591468 0.0971219 -324.669 0.0987506 0.0252592 0.994792 28.0151
0.0588772 0.997723 -0.0328924 159.733 -0.993461 0.0617906 0.0960026 -325.56 0.0978165 0.0270249 0.994837 28.1036
0.0618157 0.997449 -0.0356864 159.803 -0.993333 0.0649677 0.0952317 -326.46 0.0973073 0.0295616 0.994815 28.2029
0.0644346 0.99726 -0.0363515 159.86 -0.993098 0.0676579 0.0958053 -327.331 0.0980022 0.0299274 0.994736 28.2879
0.0667231 0.99706 -0.0376871 159.926 -0.992874 0.0700859 0.0963766 -328.191 0.0987346 0.030988 0.994631 28.3736
0.0699302 0.996883 -0.0365335 159.969 -0.992564 0.0731916 0.0972587 -329.126 0.0996295 0.0294605 0.994588 28.4777
0.0729314 0.996728 -0.0348448 160.063 -0.992214 0.0760491 0.0986279 -330.021 0.100955 0.0273804 0.994514 28.5606
0.0757498 0.996552 -0.0338533 160.125 -0.991901 0.0787808 0.0996308 -330.922 0.101954 0.0260321 0.994448 28.6611
0.0784331 0.996418 -0.0316292 160.202 -0.991642 0.0812388 0.100231 -331.839 0.102442 0.0235034 0.994461 28.7525
0.0802798 0.996288 -0.0310701 160.3 -0.991589 0.0829982 0.0993063 -332.713 0.101516 0.0228365 0.994572 28.8485
0.0815439 0.99618 -0.0312366 160.36 -0.991756 0.0842103 0.0965823 -333.656 0.0988438 0.0231034 0.994835 28.9526
0.0829257 0.996058 -0.0314829 160.447 -0.991869 0.0855547 0.0942099 -334.589 0.0965321 0.0234145 0.995054 29.0438
0.0840741 0.995914 -0.0329565 160.503 -0.991798 0.0868304 0.0937945 -335.503 0.0962729 0.0248005 0.995046 29.1351
0.0846784 0.9958 -0.034801 160.616 -0.991599 0.0876456 0.0951261 -336.423 0.0977767 0.0264536 0.994857 29.2537
0.085831 0.995738 -0.033749 160.695 -0.991526 0.0886854 0.0949298 -337.356 0.0975183 0.0253151 0.994912 29.3252
0.0858712 0.995826 -0.0309406 160.787 -0.991704 0.0884149 0.0933085 -338.271 0.0956547 0.0226714 0.995156 29.4208
0.0853693 0.995934 -0.0287735 160.885 -0.99194 0.0876701 0.0914861 -339.208 0.0936367 0.0207315 0.995391 29.5244
0.0861456 0.995911 -0.0272211 160.967 -0.991814 0.088312 0.0922254 -340.09 0.0942522 0.0190535 0.995366 29.6117
0.0869197 0.995849 -0.0270261 161.041 -0.991634 0.0890868 0.0934075 -341.007 0.0954274 0.018681 0.995261 29.7052
0.0869876 0.995866 -0.0261447 161.131 -0.991621 0.089073 0.0935607 -341.913 0.0955027 0.017787 0.99527 29.8068
0.0872684 0.995868 -0.0251316 161.215 -0.991542 0.0892669 0.0942132 -342.823 0.0960673 0.0166972 0.995235 29.8877
0.0874512 0.995845 -0.0253872 161.331 -0.991464 0.0894838 0.0948259 -343.737 0.0967037 0.0168778 0.99517 29.992
0.0875008 0.995855 -0.0248094 161.392 -0.991478 0.0894751 0.0946876 -344.639 0.096515 0.0163128 0.995198 30.0854
0.088241 0.995794 -0.0246584 161.477 -0.991527 0.0901781 0.0934958 -345.52 0.0953262 0.0161994 0.995314 30.1538
0.0884716 0.995765 -0.0250035 161.541 -0.991469 0.0904466 0.0938508 -346.423 0.0957148 0.0164871 0.995272 30.2742
0.0884552 0.995777 -0.0245719 161.614 -0.991211 0.0904321 0.0965533 -347.3 0.0983676 0.0158153 0.995024 30.3382
0.0891466 0.995618 -0.028232 161.733 -0.991034 0.0914969 0.0973619 -348.25 0.0995184 0.0192994 0.994849 30.4669
0.0900441 0.995462 -0.0307803 161.805 -0.991212 0.0925811 0.0944812 -349.122 0.0969021 0.0220023 0.995051 30.5371
0.0917658 0.995251 -0.0324728 161.908 -0.991317 0.0943902 0.091552 -350.067 0.0941824 0.0237895 0.995271 30.6369
0.0930006 0.995024 -0.035752 161.978 -0.991003 0.0959764 0.0932809 -350.941 0.0962481 0.0267551 0.994998 30.7236
0.096041 0.994491 -0.0419957 162.064 -0.990181 0.0997599 0.0979226 -351.787 0.101573 0.0321788 0.994308 30.8133
0.0990501 0.994022 -0.045928 162.136 -0.989492 0.103274 0.101194 -352.688 0.105332 0.0354221 0.993806 30.9095
0.101717 0.993568 -0.0497702 162.214 -0.989237 0.10631 0.100536 -353.601 0.10518 0.0390084 0.993688 31.0188
0.105015 0.993116 -0.0518873 162.365 -0.988873 0.10981 0.100356 -354.485 0.105363 0.040771 0.993598 31.1037
0.108871 0.992707 -0.0517599 162.404 -0.988193 0.113729 0.102671 -355.384 0.107809 0.0399709 0.993368 31.2081
0.111629 0.992356 -0.0526111 162.513 -0.987821 0.116582 0.103044 -356.296 0.10839 0.0404676 0.993284 31.3177
0.116229 0.991866 -0.0518825 162.625 -0.987724 0.120916 0.0988974 -357.161 0.104366 0.0397509 0.993744 31.409
0.120292 0.991457 -0.0504197 162.743 -0.987628 0.124665 0.0951306 -358.034 0.100604 0.0383524 0.994187 31.5053
0.125158 0.990992 -0.0476566 162.859 -0.987173 0.129187 0.0938051 -358.952 0.0991167 0.0353048 0.994449 31.6089
0.130024 0.990438 -0.0461191 162.992 -0.986602 0.133863 0.0932579 -359.859 0.0985398 0.0333754 0.994573 31.7105
0.135124 0.989794 -0.0452629 163.092 -0.985977 0.138837 0.0925984 -360.723 0.0979375 0.0321159 0.994674 31.7994
0.141888 0.988901 -0.0440826 163.243 -0.985019 0.14546 0.092622 -361.639 0.0980062 0.0302803 0.994725 31.8941
0.149413 0.987871 -0.0422675 163.373 -0.983751 0.152822 0.0942327 -362.537 0.0995491 0.0275011 0.994653 31.9875
0.157598 0.986647 -0.0411216 163.53 -0.98238 0.16088 0.0951195 -363.398 0.100465 0.0254064 0.994616 32.0773
0.167138 0.985123 -0.039981 163.66 -0.980692 0.170288 0.0961554 -364.252 0.101533 0.0231379 0.994563 32.1625
0.176166 0.983574 -0.0393409 163.825 -0.979045 0.179222 0.0967001 -365.187 0.102162 0.0214813 0.994536 32.2681
0.185725 0.981854 -0.0383364 164.002 -0.977234 0.188642 0.0970989 -366.07 0.102569 0.0194299 0.994536 32.3657
0.194971 0.980094 -0.0374552 164.179 -0.975434 0.197753 0.0970666 -366.983 0.102541 0.0176099 0.994573 32.4699
0.20418 0.978233 -0.0370173 164.372 -0.973559 0.206871 0.0968897 -367.867 0.102438 0.0162556 0.994607 32.5671
0.211579 0.97668 -0.0364846 164.593 -0.972022 0.214174 0.0964525 -368.702 0.102017 0.0150564 0.994669 32.6642
0.219824 0.974886 -0.035698 164.807 -0.970216 0.222296 0.0962555 -369.614 0.101774 0.0134755 0.994716 32.7698
0.226075 0.97349 -0.0347516 164.977 -0.968766 0.228424 0.0965125 -370.499 0.101892 0.0118471 0.994725 32.8647
0.230539 0.97246 -0.0342484 165.208 -0.967655 0.232821 0.0971481 -371.369 0.102446 0.0107443 0.99468 32.9687
0.235818 0.971204 -0.0339401 165.432 -0.966393 0.238042 0.0970602 -372.265 0.102344 0.0099109 0.9947 33.063
0.240052 0.970209 -0.0327025 165.655 -0.965366 0.242129 0.0971729 -373.159 0.102196 0.0082434 0.99473 33.1694
0.243678 0.969271 -0.0336915 165.909 -0.964439 0.245837 0.0970648 -374.03 0.102365 0.00884085 0.994708 33.2616
0.248611 0.968019 -0.0336479 166.089 -0.96315 0.250744 0.0973168 -374.89 0.102642 0.00821391 0.994684 33.3625
0.253017 0.966876 -0.0336744 166.34 -0.962007 0.255129 0.0972237 -375.807 0.102595 0.00779574 0.994693 33.4612
0.25758 0.965657 -0.034046 166.576 -0.960941 0.259695 0.0956604 -376.693 0.101217 0.008076 0.994832 33.5629
0.261696 0.964583 -0.0330898 166.837 -0.959995 0.263684 0.0942372 -377.573 0.0996249 0.00710457 0.995 33.6554
0.267206 0.963048 -0.0337672 167.089 -0.958697 0.269217 0.0917755 -378.438 0.0974749 0.00784946 0.995207 33.7522
0.270814 0.962042 -0.0336775 167.353 -0.957882 0.272784 0.0897228 -379.308 0.0955038 0.00796088 0.995397 33.8444
0.27554 0.960747 -0.0322859 167.604 -0.956727 0.277346 0.088044 -380.195 0.0935424 0.00662911 0.995593 33.9431
0.279829 0.959498 -0.0325382 167.85 -0.955451 0.281642 0.0882641 -381.056 0.0938534 0.00638987 0.995566 34.0352
0.284345 0.958183 -0.0321541 168.103 -0.953817 0.286119 0.0914817 -381.899 0.0968561 0.00465681 0.995288 34.1262
0.288691 0.956929 -0.0307245 168.372 -0.952221 0.290315 0.0948252 -382.747 0.0996608 0.00188129 0.99502 34.219
0.293122 0.955615 -0.029669 168.627 -0.950818 0.29462 0.0956241 -383.601 0.100121 0.000180348 0.994975 34.3139
0.297151 0.954452 -0.0268875 168.901 -0.950036 0.29836 0.0917206 -384.433 0.0955651 -0.00171074 0.995422 34.4069
0.29921 0.953907 -0.0231116 169.213 -0.949731 0.300063 0.0892933 -385.294 0.0921125 -0.00476763 0.995737 34.497
0.301132 0.953389 -0.0192082 169.45 -0.949128 0.301609 0.0904866 -386.124 0.0920623 -0.00901737 0.995712 34.5832
0.302229 0.953071 -0.0177073 169.721 -0.94837 0.302509 0.0953077 -386.913 0.0961916 -0.0120116 0.99529 34.6733
0.303052 0.952813 -0.0175139 170.013 -0.947709 0.303256 0.0994108 -387.737 0.100031 -0.0135285 0.994892 34.7603
0.303483 0.952699 -0.0161834 170.282 -0.947546 0.303542 0.100092 -388.567 0.10027 -0.0150416 0.994847 34.856
0.304154 0.952542 -0.0124158 170.558 -0.947785 0.303895 0.0967005 -389.405 0.0958844 -0.0176443 0.995236 34.9485
0.30456 0.952452 -0.00881114 170.832 -0.948133 0.304037 0.0927638 -390.207 0.091032 -0.019898 0.995649 35.0211
0.304605 0.952454 -0.00681594 171.091 -0.948356 0.303944 0.0907709 -391.023 0.0885268 -0.0211854 0.995848 35.11
0.303778 0.952722 -0.00633271 171.35 -0.948694 0.303093 0.090084 -391.813 0.0877444 -0.0213578 0.995914 35.2019
0.303949 0.952663 -0.00693137 171.628 -0.948544 0.303297 0.090966 -392.617 0.0887622 -0.0210743 0.99583 35.282
0.303387 0.952839 -0.00727746 171.894 -0.948624 0.302748 0.0919603 -393.43 0.0898266 -0.020996 0.995736 35.3647
0.302502 0.953076 -0.0117671 172.147 -0.949057 0.302323 0.088833 -394.224 0.0882221 -0.0157045 0.995977 35.4371
0.302545 0.953043 -0.0132692 172.38 -0.949217 0.302533 0.0863724 -395.022 0.086331 -0.0135362 0.996175 35.5257
0.30183 0.953266 -0.0134893 172.645 -0.949275 0.301814 0.0882365 -395.804 0.0881841 -0.0138274 0.996008 35.6023
0.301288 0.953389 -0.0165854 172.895 -0.94896 0.3015 0.0925867 -396.616 0.0932716 -0.0121564 0.995566 35.6909
0.301283 0.953345 -0.0190256 173.166 -0.948447 0.301674 0.0971679 -397.399 0.0983741 -0.0112302 0.995086 35.7838
0.301045 0.953443 -0.01783 173.421 -0.948598 0.301325 0.0967734 -398.233 0.0976406 -0.0122196 0.995147 35.8457
0.300512 0.953624 -0.0171425 173.687 -0.94914 0.300773 0.0931125 -399.024 0.0939503 -0.0117108 0.995508 35.9384
0.300512 0.953646 -0.0158669 173.927 -0.949194 0.300655 0.0929385 -399.836 0.0934009 -0.0128684 0.995545 36.0199
0.300211 0.95372 -0.0170821 174.204 -0.949126 0.300453 0.0942803 -400.639 0.0950494 -0.0120909 0.995399 36.1032
0.300159 0.9537 -0.0190043 174.471 -0.948825 0.300556 0.0969367 -401.452 0.0981604 -0.0110647 0.995109 36.1959
0.30055 0.95355 -0.0203139 174.729 -0.948533 0.301061 0.0982197 -402.29 0.099773 -0.0102515 0.994957 36.2798
0.300458 0.95358 -0.0202418 175.003 -0.948694 0.300976 0.0969182 -403.135 0.0985116 -0.0099166 0.995086 36.365
0.301008 0.953398 -0.0206642 175.276 -0.948765 0.301589 0.0942838 -403.973 0.096122 -0.00877464 0.995331 36.4453
0.300501 0.953497 -0.023286 175.543 -0.948916 0.301342 0.0935469 -404.853 0.0962137 -0.00601444 0.995343 36.5471
0.300966 0.953232 -0.027737 175.843 -0.94865 0.302236 0.0933634 -405.699 0.09738 -0.00178649 0.995246 36.6328
0.301406 0.952967 -0.0317509 176.105 -0.948404 0.303067 0.0931701 -406.593 0.0984107 0.00203058 0.995144 36.7333
0.302595 0.952503 -0.0342752 176.363 -0.948107 0.304492 0.0915239 -407.448 0.0976133 0.00480187 0.995213 36.8097
0.303904 0.951889 -0.0393621 176.639 -0.947631 0.306286 0.0904693 -408.34 0.0981728 0.00980678 0.995121 36.9235
0.304533 0.951494 -0.0438119 176.92 -0.947485 0.307323 0.0884569 -409.161 0.0976305 0.0145731 0.995116 37.0255
0.304976 0.95145 -0.0416256 177.209 -0.947668 0.307517 0.0857804 -410.035 0.0944164 0.0132863 0.995444 37.0983
0.305857 0.951336 -0.0375638 177.511 -0.947939 0.307966 0.0810499 -410.939 0.088674 0.0108185 0.996002 37.1681
0.307004 0.950975 -0.0373468 177.782 -0.94794 0.309042 0.0768327 -411.763 0.0846077 0.0118146 0.996344 37.2623
0.307154 0.9509 -0.0380276 178.047 -0.947817 0.309257 0.0774781 -412.643 0.0854342 0.0122455 0.996269 37.3578
0.307778 0.95067 -0.0387212 178.323 -0.947341 0.309974 0.080382 -413.489 0.0884193 0.0119424 0.996012 37.4407
0.308193 0.950465 -0.0404094 178.631 -0.946989 0.310562 0.0822391 -414.341 0.0907151 0.0129217 0.995793 37.5438
0.308365 0.95033 -0.0422369 178.895 -0.947039 0.310873 0.0804683 -415.174 0.0896018 0.0151864 0.995862 37.6236
0.310006 0.949746 -0.0433416 179.157 -0.946673 0.31257 0.0781662 -416.061 0.0877854 0.0167984 0.995998 37.7151
0.31031 0.949675 -0.0427075 179.439 -0.946723 0.312793 0.0766505 -416.887 0.0861517 0.0166468 0.996143 37.79
0.309743 0.949918 -0.0414128 179.719 -0.9469 0.312124 0.0771904 -417.718 0.0862505 0.0153046 0.996156 37.8866
0.309424 0.950056 -0.0406273 179.986 -0.946981 0.311747 0.0777275 -418.545 0.0865109 0.0144225 0.996147 37.9692
0.309318 0.95007 -0.0411089 180.246 -0.947159 0.311655 0.0759019 -419.316 0.0849238 0.0154588 0.996268 38.0459
0.308248 0.950389 -0.041753 180.524 -0.947761 0.310589 0.0726941 -420.135 0.0820557 0.0171641 0.99648 38.1338
0.307315 0.950731 -0.0408384 180.782 -0.948198 0.309561 0.0713651 -420.928 0.080491 0.0167913 0.996614 38.2137
0.306373 0.951016 -0.041271 181.042 -0.948548 0.308645 0.0706768 -421.71 0.0799529 0.0174941 0.996645 38.2879
0.304309 0.951574 -0.0436105 181.284 -0.949059 0.306798 0.0718491 -422.465 0.0817494 0.0195246 0.996462 38.3647
0.303406 0.951816 -0.0446237 181.52 -0.948947 0.306069 0.0762965 -423.217 0.0862781 0.0191967 0.996086 38.4394
0.301805 0.952366 -0.0437255 181.778 -0.948989 0.304494 0.0818769 -423.994 0.0912909 0.0167842 0.995683 38.5215
0.29994 0.952943 -0.0440068 182.018 -0.949173 0.302732 0.0861578 -424.715 0.0954257 0.0159279 0.995309 38.6034
0.299283 0.953144 -0.0441168 182.256 -0.949241 0.302111 0.0875854 -425.479 0.0968097 0.0156646 0.99518 38.692
0.297758 0.953676 -0.0429249 182.488 -0.950119 0.30042 0.0838013 -426.21 0.0928147 0.0158312 0.995558 38.7611
0.296785 0.954039 -0.0415774 182.745 -0.950899 0.299251 0.0789869 -426.982 0.0877986 0.0160938 0.996008 38.8225
0.296294 0.954148 -0.0425568 182.957 -0.95116 0.298821 0.0774682 -427.715 0.086633 0.0175249 0.996086 38.9108
0.295171 0.954421 -0.0442045 183.182 -0.951452 0.297848 0.0776202 -428.422 0.0872486 0.0191472 0.996003 38.99
0.294606 0.954576 -0.0446286 183.419 -0.951442 0.29736 0.0795963 -429.137 0.0892515 0.0190119 0.995828 39.0588
0.294464 0.954574 -0.0456002 183.651 -0.951375 0.297323 0.0805216 -429.861 0.0904219 0.0196723 0.995709 39.1305
0.29444 0.954541 -0.0464433 183.874 -0.951328 0.297383 0.0808548 -430.599 0.0909906 0.0203759 0.995643 39.2036
0.294263 0.954475 -0.0488526 184.09 -0.95128 0.297436 0.0812327 -431.305 0.0920651 0.0225687 0.995497 39.2732
0.293619 0.954631 -0.0496797 184.318 -0.951323 0.296903 0.0826629 -432.032 0.0936627 0.0229901 0.995339 39.3543
0.294411 0.954415 -0.049127 184.531 -0.950933 0.297678 0.0843438 -432.742 0.0951231 0.0218848 0.995225 39.4309
0.293812 0.954567 -0.0497668 184.771 -0.951109 0.29714 0.0842561 -433.498 0.0952158 0.0225782 0.995201 39.5099
0.294378 0.954407 -0.0494854 185.011 -0.95102 0.297659 0.0834269 -434.239 0.094353 0.0225025 0.995284 39.5928
0.295219 0.954131 -0.0498029 185.246 -0.95092 0.298485 0.0815973 -434.979 0.0927199 0.0232695 0.99542 39.6668
0.296541 0.953698 -0.0502388 185.476 -0.950679 0.299794 0.0795783 -435.675 0.090955 0.0241628 0.995562 39.7354
0.298188 0.95318 -0.0503161 185.695 -0.95036 0.301388 0.0773438 -436.393 0.0888872 0.0247555 0.995734 39.8116
0.299625 0.952735 -0.050205 185.926 -0.950007 0.302783 0.0762184 -437.113 0.0878172 0.0248581 0.995826 39.889
0.301195 0.952291 -0.0492244 186.155 -0.949483 0.304276 0.0767952 -437.803 0.0881092 0.0236074 0.995831 39.9584
0.303089 0.951757 -0.0479197 186.375 -0.948776 0.306084 0.0783406 -438.49 0.0892287 0.0217209 0.995774 40.0277
0.305389 0.951016 -0.04802 186.607 -0.947972 0.3084 0.0789801 -439.209 0.0899207 0.021402 0.995719 40.1051
0.307218 0.950476 -0.0470369 186.806 -0.947431 0.310129 0.0787059 -439.851 0.0893956 0.0203843 0.995788 40.1723
0.308424 0.950159 -0.0455182 187.025 -0.94716 0.311178 0.0778228 -440.532 0.0881083 0.0191106 0.995928 40.2472
0.309428 0.949902 -0.0440491 187.245 -0.946953 0.312034 0.0769135 -441.175 0.0868051 0.0179132 0.996064 40.3161
0.310688 0.949506 -0.0437155 187.463 -0.946595 0.313252 0.0763595 -441.794 0.0861977 0.0176569 0.996122 40.3821
0.312399 0.948963 -0.0433187 187.685 -0.946035 0.314923 0.0764288 -442.466 0.0861702 0.0171048 0.996134 40.4516
0.313091 0.948711 -0.0438393 187.891 -0.945811 0.315654 0.0761809 -443.059 0.0861117 0.0176122 0.99613 40.5117
0.314553 0.948202 -0.044365 188.093 -0.945316 0.317156 0.0760913 -443.675 0.0862206 0.0180042 0.996113 40.5748
0.315173 0.947934 -0.0456864 188.29 -0.945108 0.317879 0.075652 -444.28 0.0862358 0.0193352 0.996087 40.6404
0.316528 0.947479 -0.0457574 188.491 -0.944642 0.319238 0.075753 -444.884 0.0863819 0.0192464 0.996076 40.7031
0.317545 0.947158 -0.0453494 188.691 -0.944275 0.320225 0.0761655 -445.431 0.0866628 0.0186363 0.996063 40.7561
0.319126 0.946649 -0.0448776 188.888 -0.943739 0.321764 0.0763234 -446.006 0.0866914 0.0179959 0.996073 40.8136
0.319811 0.946441 -0.0443809 189.071 -0.943502 0.322407 0.0765395 -446.546 0.0867489 0.0173953 0.996078 40.8748
0.320403 0.946232 -0.0445705 189.258 -0.94332 0.323008 0.0762382 -447.099 0.0865357 0.0176172 0.996093 40.9316
0.321858 0.945804 -0.0431623 189.441 -0.942882 0.324334 0.0760349 -447.637 0.0859131 0.0162245 0.996171 40.9919
0.322244 0.945733 -0.0418084 189.652 -0.942874 0.324587 0.0750392 -448.174 0.0845375 0.0152391 0.996304 41.0448
0.323009 0.945514 -0.0408448 189.819 -0.942705 0.325258 0.0742666 -448.678 0.0835051 0.0145158 0.996402 41.0923
0.324316 0.945029 -0.0417032 190.002 -0.942293 0.326621 0.0734994 -449.216 0.0830802 0.0154596 0.996423 41.1483
0.324158 0.945037 -0.042741 190.148 -0.94225 0.326563 0.0743107 -449.693 0.0841839 0.0161843 0.996319 41.1999
0.325174 0.944697 -0.0425428 190.334 -0.941628 0.327608 0.077516 -450.183 0.0871666 0.0148533 0.996083 41.2516
0.324953 0.944802 -0.041891 190.493 -0.941476 0.32737 0.0803211 -450.615 0.0896014 0.0133388 0.995888 41.3004
0.326737 0.944182 -0.0419935 190.671 -0.940601 0.329192 0.0830776 -451.137 0.0922643 0.0123546 0.995658 41.3539
0.326847 0.94404 -0.044253 190.814 -0.940456 0.329517 0.0834273 -451.544 0.0933409 0.01435 0.995531 41.3976
0.327236 0.943832 -0.0458093 190.968 -0.940288 0.330047 0.0832345 -451.99 0.0936786 0.0158366 0.995477 41.4403
0.326663 0.944053 -0.0453243 191.12 -0.940606 0.329414 0.0821438 -452.432 0.0924786 0.0157989 0.995589 41.494
0.326395 0.94428 -0.042448 191.277 -0.940904 0.328866 0.0809153 -452.862 0.0903664 0.0135291 0.995817 41.5421
0.325252 0.944693 -0.0420366 191.421 -0.941419 0.327674 0.0797478 -453.265 0.0891115 0.0136359 0.995928 41.5855
0.323979 0.945146 -0.0416738 191.553 -0.941936 0.326362 0.0790181 -453.629 0.0882844 0.0136539 0.996002 41.6295
0.322744 0.945553 -0.0420347 191.683 -0.942383 0.325159 0.0786578 -454.007 0.088043 0.0142264 0.996015 41.6692
0.321861 0.945862 -0.041827 191.798 -0.94273 0.324254 0.0782236 -454.377 0.0875513 0.0142544 0.996058 41.7051
0.320562 0.946315 -0.0415664 191.935 -0.943245 0.322927 0.0775129 -454.742 0.0867745 0.0143596 0.996124 41.741
0.319147 0.946779 -0.0418917 192.051 -0.943798 0.321531 0.0765784 -455.051 0.0859723 0.0150975 0.996183 41.7698
0.318324 0.947034 -0.0423746 192.161 -0.94413 0.320739 0.0757959 -455.392 0.0853725 0.0158795 0.996223 41.8099
0.317432 0.947366 -0.0416511 192.271 -0.944455 0.319787 0.0757699 -455.736 0.0851013 0.0152858 0.996255 41.8474
0.316433 0.947769 -0.0400445 192.38 -0.944827 0.318657 0.0758866 -456.036 0.0846835 0.0138221 0.996312 41.8768
0.315725 0.948053 -0.0388923 192.509 -0.945093 0.317854 0.0759485 -456.341 0.0843654 0.012778 0.996353 41.9042
0.314361 0.948495 -0.039166 192.596 -0.945538 0.316518 0.0759926 -456.624 0.0844754 0.0131439 0.996339 41.9354
0.312984 0.948906 -0.0402172 192.683 -0.945926 0.315242 0.0764674 -456.909 0.0852386 0.0141094 0.996261 41.9639
0.312665 0.948966 -0.0412908 192.765 -0.9459 0.315033 0.077634 -457.214 0.08668 0.0147835 0.996127 41.9957
0.311749 0.94927 -0.0412208 192.868 -0.946163 0.314121 0.0781235 -457.483 0.0871086 0.0146467 0.996091 42.028
0.312033 0.949178 -0.0411876 192.978 -0.946115 0.314394 0.077611 -457.787 0.0866157 0.0147509 0.996133 42.0522
0.312233 0.949154 -0.0402154 193.053 -0.946095 0.314506 0.0773925 -458.046 0.0861054 0.013883 0.996189 42.0771
0.31344 0.948789 -0.0394248 193.151 -0.945735 0.315638 0.0771908 -458.314 0.0856818 0.0130908 0.996237 42.1087
0.314737 0.948406 -0.0383108 193.243 -0.945333 0.316836 0.0772013 -458.555 0.0853564 0.0119184 0.996279 42.1275
0.316738 0.947789 -0.0370496 193.333 -0.944681 0.318725 0.0774116 -458.85 0.0851786 0.0104809 0.996311 42.1597
0.319307 0.946943 -0.0366302 193.437 -0.943795 0.321254 0.0777666 -459.132 0.0854082 0.00973997 0.996298 42.1902
0.323075 0.945639 -0.0372721 193.534 -0.942489 0.325064 0.0777628 -459.374 0.0856513 0.0100053 0.996275 42.211
0.328298 0.943792 -0.0384329 193.62 -0.94069 0.330363 0.0772199 -459.618 0.0855764 0.0108023 0.996273 42.2376
0.335983 0.941111 -0.0377469 193.718 -0.937888 0.337975 0.0783536 -459.895 0.086497 0.00907696 0.996211 42.2639
0.345401 0.937686 -0.0379974 193.842 -0.934374 0.347389 0.0791557 -460.188 0.0874231 0.00816328 0.996138 42.2905
0.355293 0.934029 -0.0368436 193.936 -0.930534 0.357156 0.0809133 -460.467 0.0887342 0.00553624 0.99604 42.3204
0.36685 0.929446 -0.0393885 194.043 -0.92597 0.368894 0.0806016 -460.707 0.0894451 0.00690388 0.995968 42.3463
0.381058 0.923756 -0.0383313 194.182 -0.920188 0.382956 0.0812358 -461.015 0.0897213 0.00431649 0.995958 42.3717
0.396624 0.917241 -0.0368408 194.327 -0.913478 0.398331 0.0830049 -461.287 0.0908104 0.000731554 0.995868 42.4103
0.414097 0.909544 -0.0354094 194.471 -0.9056 0.415598 0.0846638 -461.574 0.0917215 -0.00299229 0.99578 42.439
0.433421 0.900471 -0.0360302 194.62 -0.896272 0.434883 0.0870255 -461.873 0.0940328 -0.00542581 0.995554 42.4663
0.451507 0.891441 -0.0383902 194.755 -0.886986 0.453093 0.089229 -462.136 0.0969368 -0.00623592 0.995271 42.5004
0.47153 0.88094 -0.0400689 194.945 -0.876263 0.473165 0.0909803 -462.435 0.0991074 -0.00778903 0.995046 42.5384
0.490885 0.87041 -0.0376572 195.092 -0.86546 0.492145 0.0936582 -462.658 0.100054 -0.0133846 0.994892 42.5613
0.505316 0.86222 -0.0351171 195.243 -0.856805 0.506152 0.0984635 -462.917 0.102672 -0.0196666 0.994521 42.5873
0.511481 0.858735 -0.0310162 195.439 -0.852904 0.51174 0.103331 -463.187 0.104606 -0.0263979 0.994163 42.6316
0.510512 0.859364 -0.0295274 195.586 -0.853356 0.510564 0.105394 -463.416 0.105648 -0.0286077 0.993992 42.6471
0.506922 0.861555 -0.0274441 195.737 -0.855511 0.506752 0.106313 -463.68 0.105502 -0.0304135 0.993954 42.6917
0.497508 0.867031 -0.027247 195.874 -0.860944 0.49737 0.106767 -463.899 0.106122 -0.0296592 0.993911 42.7206
0.484362 0.874393 -0.0288172 195.976 -0.868319 0.484499 0.106221 -464.144 0.106841 -0.0264268 0.993925 42.7424
0.468562 0.882866 -0.0315723 196.109 -0.876862 0.469131 0.105019 -464.38 0.107529 -0.0215232 0.993969 42.7782
0.452385 0.891183 -0.0337662 196.204 -0.885313 0.453328 0.103514 -464.575 0.107557 -0.0169345 0.994055 42.8025
0.430932 0.90171 -0.0348857 196.293 -0.895992 0.432153 0.102187 -464.8 0.107219 -0.0127781 0.994153 42.8311
0.41007 0.911422 -0.0339588 196.411 -0.905734 0.411321 0.102278 -465.048 0.107187 -0.0111836 0.994176 42.8616
0.389261 0.920565 -0.0322053 196.498 -0.914954 0.390456 0.101998 -465.316 0.10647 -0.0102372 0.994263 42.8921
0.369512 0.928703 -0.0311618 196.584 -0.923238 0.370726 0.100968 -465.59 0.105322 -0.00853903 0.994402 42.9225
0.350494 0.935967 -0.0334604 196.673 -0.930678 0.352068 0.0994359 -465.848 0.104849 -0.0037108 0.994481 42.9604
0.333097 0.942157 -0.0372322 196.746 -0.937049 0.335164 0.0980011 -466.112 0.104811 0.00224458 0.99449 42.9954
0.317845 0.947315 -0.0395994 196.825 -0.942386 0.320235 0.0967423 -466.379 0.104327 0.00656883 0.994521 43.0316
0.303696 0.952002 -0.0382148 196.9 -0.947097 0.306015 0.0967574 -466.628 0.103808 0.00680826 0.994574 43.053
0.294175 0.955025 -0.0372604 196.992 -0.950314 0.296432 0.0950312 -466.883 0.101802 0.00745323 0.994777 43.0832
0.283876 0.958112 -0.0379042 197.043 -0.953726 0.28622 0.0921104 -467.16 0.099101 0.0100023 0.995027 43.1159
0.277419 0.959996 -0.0380428 197.104 -0.955785 0.279789 0.0905124 -467.396 0.0975354 0.011251 0.995168 43.138
0.275241 0.960581 -0.0390568 197.187 -0.956391 0.27772 0.0904901 -467.659 0.0977699 0.0124469 0.995131 43.1773
0.277448 0.95995 -0.0389626 197.242 -0.955693 0.279915 0.0910988 -467.895 0.0983565 0.0119611 0.995079 43.2023
0.283305 0.958157 -0.0409026 197.33 -0.953991 0.285926 0.0902623 -468.113 0.0981806 0.013449 0.995078 43.2205
0.29282 0.955181 -0.0434321 197.378 -0.951153 0.29563 0.0889403 -468.321 0.0977939 0.015267 0.99509 43.2498
0.304813 0.951443 -0.0429626 197.44 -0.947467 0.307512 0.087991 -468.506 0.09693 0.0138849 0.995194 43.2746
0.31856 0.947118 -0.0385596 197.55 -0.94288 0.320791 0.0898342 -468.694 0.0974532 0.00773953 0.99521 43.2893
0.33305 0.942245 -0.0353739 197.629 -0.937716 0.334915 0.0923115 -468.873 0.0988273 0.00242635 0.995102 43.3103
0.346969 0.937328 -0.0320772 197.707 -0.932686 0.34844 0.0931979 -469.041 0.0985339 -0.0024188 0.995131 43.3366
0.361689 0.931785 -0.0309534 197.761 -0.927283 0.362984 0.0915952 -469.22 0.0965826 -0.00442639 0.995315 43.3578
0.37655 0.925805 -0.0331056 197.845 -0.921459 0.377989 0.0896501 -469.333 0.095512 -0.00325225 0.995423 43.3711
0.391802 0.919031 -0.0432756 197.906 -0.914743 0.394156 0.0888021 -469.489 0.0986692 0.00479324 0.995109 43.3871
0.406884 0.912028 -0.0514765 197.945 -0.907502 0.410015 0.0912555 -469.609 0.104334 0.00958469 0.994496 43.4169
0.422238 0.904987 -0.0520969 198.012 -0.900124 0.425378 0.0939676 -469.699 0.1072 0.00721697 0.994211 43.4244
0.436538 0.898561 -0.0449707 198.077 -0.893443 0.438846 0.0957795 -469.8 0.105799 -0.00163265 0.994386 43.4316
0.450483 0.891912 -0.0394636 198.157 -0.886713 0.452129 0.0965362 -469.907 0.103944 -0.00849505 0.994547 43.4408
0.464323 0.88488 -0.0373104 198.22 -0.879706 0.465668 0.0962842 -470.007 0.102574 -0.0118848 0.994654 43.4523
0.476019 0.87861 -0.0380754 198.277 -0.873523 0.477388 0.0951788 -470.095 0.101802 -0.0120472 0.994732 43.463
0.487728 0.872155 -0.0383009 198.335 -0.867078 0.489056 0.0948681 -470.187 0.101471 -0.01306 0.994753 43.4738
0.499155 0.865656 -0.0385151 198.396 -0.860587 0.500441 0.0945964 -470.259 0.101163 -0.0140726 0.99477 43.4805
0.509412 0.859632 -0.0391507 198.428 -0.854609 0.510712 0.0938957 -470.325 0.10071 -0.014373 0.994812 43.4911
0.519095 0.853788 -0.0398345 198.48 -0.848938 0.520435 0.0919322 -470.394 0.0992218 -0.0139045 0.994968 43.4963
0.526648 0.849225 -0.038186 198.538 -0.844374 0.527781 0.0920916 -470.454 0.0983603 -0.0162566 0.995018 43.5125
0.534516 0.844481 -0.0338351 198.598 -0.839294 0.535089 0.0962602 -470.506 0.0993947 -0.023055 0.994781 43.5186
0.544079 0.838573 -0.0277987 198.672 -0.83286 0.543792 0.103123 -470.563 0.101593 -0.0329547 0.99428 43.5255
0.550132 0.834753 -0.0232611 198.692 -0.828669 0.549143 0.108399 -470.594 0.10326 -0.0403583 0.993835 43.5285
0.555127 0.831434 -0.0234877 198.741 -0.825381 0.554138 0.108063 -470.643 0.102863 -0.0406026 0.993867 43.5322
0.561288 0.827205 -0.0262125 198.775 -0.821573 0.560729 0.102961 -470.679 0.0998677 -0.0362552 0.99434 43.5413
0.56648 0.82355 -0.0294109 198.788 -0.818324 0.566378 0.0977851 -470.71 0.0971887 -0.0313257 0.994773 43.5563
0.57056 0.820722 -0.029608 198.832 -0.815683 0.570513 0.0957905 -470.794 0.0955091 -0.0305035 0.994961 43.5652
0.575486 0.817386 -0.0263759 198.873 -0.812307 0.575051 0.0973358 -470.807 0.0947284 -0.0345901 0.994902 43.5629
0.580455 0.813977 -0.0226643 198.883 -0.808724 0.579512 0.100658 -470.81 0.0950672 -0.040098 0.994663 43.5572
0.583698 0.811728 -0.0198433 198.933 -0.806334 0.582347 0.103429 -470.85 0.0955123 -0.0443713 0.994439 43.5666
