1 -1.73472347597681e-18 -2.50721752387273e-19 8.67361737988404e-19 1.73472347597681e-18 1 -8.67361737988403e-19 1.38777878078145e-17 2.50721752387273e-19 8.67361737988403e-19 1 5.55111512312578e-17
0.999999669806608 -0.000789851920142658 0.00019110368561811 -0.00256077347480599 0.000789716665175659 0.999999438390321 0.000706800276004975 -0.0534789500382317 -0.00019166184584759 -0.000706649124858886 0.99999973195634 1.3045739068321
0.999998465852974 -0.0017485926828229 0.000103514864829204 -0.0157731367777585 0.00174848156699405 0.999997905398711 0.00106395977372549 -0.082994807498735 -0.000105375080281989 -0.0010637771476217 0.999999428636973 2.6293317126117
0.999996889666447 -0.00247732517840242 -0.000288993758749038 -0.0291478753563165 0.00247738056954675 0.999996912957852 0.000191468742770394 -0.112486836234795 0.000288518536275782 -0.000192184094761384 0.999999939911162 3.95414409720114
0.999995176120838 -0.00309525413482374 0.000259107881019304 -0.0163114390393611 0.00309513314982329 0.999995101469067 0.000466035035900994 -0.135990071672231 -0.000260549108643179 -0.000465230814412373 0.999999857837216 5.23824129185708
0.99999392946291 -0.0034843874227191 -9.03420849837929e-06 -0.0380905337717959 0.00348439537237815 0.999993298623677 0.00112325269885892 -0.153733008642864 5.12030038030906e-06 -0.00112327735886603 0.99999936911068 6.56117756684692
0.999988994998749 -0.0046849655484782 0.000246939672607032 -0.0383023144538359 0.00468440547971494 0.999986559853548 0.0022218140266114 -0.186613235703922 -0.000257345475871468 -0.00222063280998973 0.999997501278493 7.90607988345291
0.999991215326274 -0.00419155124183174 1.29795495268433e-05 -0.0303109849856043 0.00419150956031497 0.999988494753057 0.0023327256851593 -0.206795746656109 -2.2757139436403e-05 -0.00233265078901933 0.999997279107503 9.23356682627652
0.999994465489974 -0.00332528096617016 -0.000107219020054648 -0.0693853797315874 0.00332540267701525 0.999993803007083 0.00115570085576895 -0.233992127353381 0.000103375325560865 -0.00115605100594729 0.99999932642958 10.5454079819293
0.9999994983934 -0.00100136666417765 -2.18575383767572e-05 -0.0532895179161834 0.00100135020162699 0.999999224388478 -0.000740621506905508 -0.256608290138637 2.25991551115868e-05 0.000740599248354412 0.999999725500978 11.8949647425296
0.999997824401944 0.00204100135001801 -0.000430702759899606 -0.0730196874825182 -0.00204179770757046 0.999996191847522 -0.00185670476284736 -0.289659126407686 0.000426911582790267 0.00185758013131189 0.999998183569628 13.2150296561956
0.999988148748009 0.00486839341697994 3.33026476910401e-05 -0.0887772988120904 -0.00486832042869529 0.99998630295639 -0.00192181055626871 -0.303278154011533 -4.26583214040435e-05 0.00192162565244745 0.999998152765854 14.5496445044243
0.999984501170404 0.00554686928978543 0.000479228610245525 -0.10663154539166 -0.00554626273808749 0.999983828229577 -0.00125787477919306 -0.331091081368207 -0.000486198127253562 0.00125519735582218 0.999999094045079 15.8922091495305
0.999994130187946 0.00341667987657578 0.000256687113274092 -0.099688728433788 -0.00341702546367743 0.999993239616176 0.00135818221381328 -0.359155882601048 -0.000252044904132025 -0.00135905134794121 0.999999044725944 17.2637753623425
0.99999879638957 -0.00130450360880056 0.000839934370266577 -0.123905701981601 0.00130169714813085 0.999993597635826 0.00333320744799989 -0.382464557758791 -0.000844277173845653 -0.00333211009594225 0.999994092101729 18.583955964711
0.999994956197429 -0.00316329805899292 0.000284824667611205 -0.115200078971307 0.00316291258253056 0.999994095060728 0.00134381087583814 -0.4151734878998 -0.000289073860074032 -0.00134290322239639 0.999999056523174 19.9498463522398
0.999993284318975 -0.00365206812535242 0.000306129642140258 -0.110822535890447 0.00365241745801324 0.999992670436543 -0.00114844238153066 -0.432250925833753 -0.000301933208528228 0.00114955278220732 0.99999929368212 21.3046629780377
0.999998476688331 -0.00161048249687082 0.000673028338887632 -0.128236613730094 0.00161187593106672 0.999996548096482 -0.00207500629022279 -0.484084483869596 -0.00066968425434744 0.00207608796752187 0.999997620688045 22.650292536579
0.999998614478521 0.000404538366076746 0.00161474138726382 -0.144577064830698 -0.000403389214311005 0.999999665219702 -0.000711925295130288 -0.480820273959412 -0.00161502884777588 0.000711272939482976 0.999998442885101 24.0282065768821
0.999996480670349 0.000855930352366194 0.00251118102678307 -0.157279947896355 -0.000864366392509853 0.999993980838655 0.00336023171817462 -0.501478397136745 -0.00250828978726074 -0.00336239047289656 0.999991201367618 25.3979652706754
0.99999640582573 -0.00119343836999473 0.00240084161873457 -0.141237223181686 0.00118192045768218 0.999987814267561 0.00479315975289125 -0.519655881735151 -0.00240653270348359 -0.00479030492161496 0.999985630686314 26.7902000013449
0.999987458087908 -0.00440298943522126 0.00238691242366412 -0.148069345981916 0.00439335038396472 0.999982234245023 0.0040286060535956 -0.57506119919482 -0.0024046079282555 -0.00401806898455963 0.999989036431073 28.1421187979067
0.999986206002973 -0.00492752676982207 0.00181859388337897 -0.12806707635543 0.00492558272266486 0.999987294731689 0.00107191885925618 -0.574021075117538 -0.00182385268652979 -0.00106294643859911 0.999997771850641 29.5140232647253
0.999981594469577 -0.00526009866498411 0.00302358795433691 -0.156497223237251 0.00526266625567501 0.999985797708008 -0.000841858752782392 -0.617100424167512 -0.0030191167523563 0.00085775539222386 0.999995074582732 30.9006605455692
0.999991339732768 -0.00256125700984879 0.00328030821621543 -0.156560248895001 0.0025680128542598 0.999994587094491 -0.00205696176422097 -0.616475400594061 -0.00327502205247941 0.00206536782404758 0.99999250421506 32.2862847370603
0.999994293647769 -0.000511526679810735 0.00333931315627858 -0.146003984078634 0.000524457478894767 0.999992364057291 -0.00387256652136218 -0.667541598807903 -0.00333730673637961 0.00387429575089276 0.999986926022627 33.6699391146997
0.999992527709757 -0.0002426480349383 0.00385819213902549 -0.17809675345296 0.000256981530721612 0.99999306627226 -0.0037150192322354 -0.685178339243937 -0.00385726394525517 0.00371598295665515 0.999985656389892 35.0677817939968
0.999993662566142 -0.00123117266495266 0.00334051514326897 -0.161918007450789 0.00124062804664365 0.999995226180881 -0.00282992181833253 -0.719168245050069 -0.00333701507386723 0.00283404822066716 0.999990416204615 36.437060602295
0.999995024774591 0.000224388583042922 0.00314643859462529 -0.175816931070494 -0.000221076234796307 0.999999421118351 -0.0010530376349764 -0.750017429688613 -0.00314667306283253 0.00105233679307929 0.999994495502805 37.8427345052441
0.999990498537709 0.00299996299093734 0.00316276087582803 -0.165713558000128 -0.00299801917294472 0.99999531425166 -0.000619157300857616 -0.779798687341382 -0.00316460350491465 0.000609669400212698 0.999994806780455 39.1915572613249
0.999979462352435 0.00560931092799337 0.00310008132934558 -0.176235246029301 -0.00560710570614604 0.999984021159353 -0.000719577354832361 -0.813719165017849 -0.00310406812676003 0.000702180092694961 0.999994935839268 40.6063571841142
0.9999644317956 0.00776842528478984 0.00328431306308898 -0.176020003057204 -0.00776853580771341 0.999969824252099 2.08957233187887e-05 -0.83172127033648 -0.00328405162962058 -4.64092837297782e-05 0.999994606410991 42.0396157058917
0.999955755967268 0.00896956990613266 0.00283424127907561 -0.202070085568374 -0.00896999160878112 0.999959759552418 0.00013611175470836 -0.8566144563858 -0.00283290636403908 -0.000161528853065999 0.999995974266878 43.4633324633836
0.999967010471724 0.00770846092925669 0.00256078080758981 -0.205773162540191 -0.00770812705560156 0.999970282115738 -0.000140223630145826 -0.8841432313565 -0.00256178561497649 0.000120480180407966 0.999996711364087 44.8431017063676
0.999967304380623 0.00796374695719978 0.00140317645073452 -0.204146136923111 -0.00796303903297499 0.999968164762885 -0.00050938208449452 -0.9270306794598 -0.00140718837030495 0.000498191881084418 0.999998885812249 46.2741947977431
0.999977871520133 0.00660840934607583 0.000765111742343207 -0.227507640003937 -0.0066080737546653 0.999978069500271 -0.000440317798760798 -0.946764438202694 -0.000768004763316923 0.000435252140373289 0.999999610362053 47.6710543683668
0.999975027251749 0.00706260689376627 0.000253883294925403 -0.229944790743344 -0.0070626975950084 0.999974994702208 0.000358152204168278 -0.976198133201924 -0.000251347458271833 -0.00035993636105993 0.999999903635131 49.065333583234
0.999968570187747 0.00784524165206457 -0.00114491051800712 -0.2493450834448 -0.00784484873841319 0.999969168400207 0.000347271177295126 -1.00457938365805 0.0011475996448889 -0.000338278612794438 0.999999284291061 50.4662543773048
0.999964383664612 0.00817694871788664 -0.00209019422984348 -0.254213794466117 -0.00817640010131958 0.999966535992177 0.000270882242138043 -1.04370461472292 0.00209233927376997 -0.000253782329992586 0.999997778852979 51.9729369869742
0.999961091549085 0.00813946964502515 -0.0034006502113225 -0.251713117882129 -0.00813693673961859 0.999966607288663 0.000758002702368426 -1.06007614920191 0.00340670639437841 -0.000730302334014386 0.999993930486602 53.3552367987738
0.999968553503987 0.00682618212738373 -0.00403673639319445 -0.274860471826865 -0.00681684951361951 0.999974071011493 0.00232117802221073 -1.09024993456099 0.0040524765086326 -0.00229358720477675 0.99998915838717 54.8093152757913
0.999978418660576 0.00448784806534902 -0.00479806553065588 -0.270092947681566 -0.00447692552290103 0.999987368404256 0.00228476908969159 -1.11743476652435 0.00480825861997069 -0.00226323919927961 0.999985879098985 56.2160855065768
0.999984068024264 0.00242094764080961 -0.00509928526016397 -0.293827161784973 -0.00241039393552391 0.999994942644355 0.0020747739124997 -1.14056607013392 0.00510428239027356 -0.00206244957098547 0.999984846186705 57.6480407559664
0.999984069699923 0.00111662991429592 -0.00553294532909733 -0.320182784301849 -0.00110507117272457 0.999997201815838 0.00209169266317088 -1.1734346577339 0.00553526549349655 -0.00208554504349564 0.999982505515866 59.1398126806852
0.999986955080618 3.92773565653818e-05 -0.00510765365731706 -0.31841263772682 -2.67375990331512e-05 0.999996985789906 0.0024551366974316 -1.19971980701905 0.00510773469305533 -0.00245496810397582 0.999983941960027 60.4863466564814
0.999987825040452 -0.00278276238638598 -0.00407504654789309 -0.347361109775698 0.00279610498016787 0.999990737241222 0.00327219019877815 -1.21800498452495 0.00406590307391365 -0.00328354461794183 0.999986343290215 61.9494405928528
0.999984582584878 -0.00391813897763739 -0.00393481632332998 -0.350054965699973 0.00392935861554163 0.999988225291998 0.00284770402807368 -1.24651691691767 0.00392361229186756 -0.00286312142825919 0.99998820383156 63.3146136165409
0.999983986947888 -0.00428813619163078 -0.00369293051770328 -0.351670355818554 0.00429659416319323 0.999988157964109 0.00228543434500934 -1.27560090923142 0.00368308653215912 -0.00230126477193752 0.999990569482556 64.7780974041098
0.999987960662861 -0.00418313206791571 -0.00256513848261214 -0.375464204078053 0.00418822805145099 0.999989260219353 0.00198448777759453 -1.30521530891307 0.00255680955912667 -0.00199520727062586 0.999994740922584 66.2313127493637
0.999994390762168 -0.00237978442325998 -0.00235691966324149 -0.384285446576388 0.00238415402504657 0.999995441321794 0.00185287485149571 -1.3355709664162 0.00235249947609335 -0.00185848371778183 0.999995505882144 67.6197405011525
0.999997873418333 0.00174344383043018 -0.00110161809290958 -0.392511147669241 -0.00173975800285985 0.999992915550389 0.00333797710069064 -1.3655486434439 0.00110742986413403 -0.00333605345331649 0.999993822154143 69.0081431772536
0.999990679384897 0.00411528153730115 -0.00130598667707945 -0.401811039690507 -0.00410983416098569 0.99998295689301 0.00414670793303551 -1.3928642220193 0.00132302928960618 -0.00414130189450767 0.999990549561403 70.4344203194399
0.999965196667425 0.00834190795147391 -0.000134259477324009 -0.419008068450291 -0.00834111844863478 0.999952310674101 0.0050795787770348 -1.42325057197092 0.000176626453170324 -0.00507828211656207 0.999987089843584 71.8166443331758
0.999941443582646 0.01081516206631 0.000376397838949312 -0.445581952209852 -0.0108166432596269 0.999932740685768 0.00418501293218596 -1.44012827677004 -0.000331110929577591 -0.00418883923396968 0.999991171956745 73.2104828765998
0.999890232207914 0.0147562760619413 0.00133261096651474 -0.467608898652336 -0.0147611938248432 0.999883981304166 0.00375913396874609 -1.46445028892122 -0.00127698554013171 -0.00377839226568002 0.999992046498279 74.6333425338926
0.999839383885379 0.0178245283928971 0.00186885507084494 -0.478168018010453 -0.0178314831684791 0.999833886625229 0.00377324315434829 -1.48910804032221 -0.00180128834928418 -0.00380596156843342 0.999991134969117 76.03198945042
0.999851338803776 0.0170586607569738 0.00251045523260764 -0.495278763848859 -0.0170687134286115 0.999846161287294 0.00403890838642975 -1.51774932803204 -0.00244117065941375 -0.00408115819841833 0.999988692352854 77.417678611788
0.999886497820581 0.0148228985932095 0.00269687845287486 -0.497164155537853 -0.0148332154704545 0.99988258290872 0.00384657179765449 -1.54207677811608 -0.00263954444956326 -0.00388613858256128 0.999988965305126 78.8384637540656
0.999897655041509 0.014140188212822 0.00217589517161011 -0.508352881205095 -0.0141467682158734 0.999895311339498 0.00303896533942093 -1.55634700182639 -0.00213269583818755 -0.00306943620129422 0.999993015060539 80.199647309874
0.999901611992449 0.0138249847995559 0.00237405353653988 -0.526423539102665 -0.0138321647615092 0.999899724850369 0.00303503907172952 -1.60026009426048 -0.00233185610893355 -0.00306757875995247 0.999992576176263 81.6615613608322
0.999907738599981 0.0134051728304771 0.00219445420481045 -0.529975412731477 -0.0134118716676667 0.999905353402298 0.00306690981197188 -1.62652159432593 -0.00215313405110118 -0.00309605859275439 0.999992889192192 83.0071141426715
0.999915751005239 0.0129314767836807 0.00112596617257468 -0.526853697105629 -0.0129346127141972 0.99991235700138 0.0028238466457854 -1.65556101420468 -0.00108935098218232 -0.00283817267591567 0.999995379034473 84.3588885831
0.999909671895593 0.0134268201980765 0.000607082379574885 -0.538505118091265 -0.0134285987480268 0.999905249894504 0.0030272048285255 -1.66772655602044 -0.000566379123520015 -0.003035083652534 0.999995233729597 85.7416074114791
0.999915337713091 0.0129789368699974 -0.000929840760332747 -0.534041557438333 -0.0129757945387324 0.999910334596168 0.00330930866932853 -1.70221736603919 0.000972708694088022 -0.00329696307302868 0.999994091918693 87.1417121885274
0.999933363628036 0.0113660477841609 -0.00202021317936816 -0.541858736980935 -0.0113575016049036 0.999926711822709 0.00419262933252422 -1.72272153679957 0.00206771874696125 -0.00416940537648959 0.999989170240353 88.4941340724378
0.999951428340804 0.00942101234949464 -0.00289577027689873 -0.551005487751492 -0.00940661970287987 0.999943533091471 0.00494430321797325 -1.74213695338602 0.00294218710337956 -0.00491682365522069 0.999983584055354 89.8465686261619
0.999962104287552 0.00784516002276883 -0.0037740499502943 -0.571825075556158 -0.00782594499820856 0.999956475881743 0.00507946129528121 -1.77820688061559 0.00381373487478889 -0.00504973329814508 0.999979977609513 91.2113208643873
0.999978265242686 0.00523931296106719 -0.00400232956216431 -0.584749498213075 -0.00522075345556619 0.999975636290324 0.00463363346831424 -1.78743588625455 0.00402650910645621 -0.00461263758152334 0.999981255223795 92.5591026143566
0.999972390131908 0.00597719336202498 -0.00441498962543746 -0.601387132116778 -0.00595869643545435 0.999973464738938 0.00419091336032486 -1.81752087007846 0.00443992237205332 -0.00416449006681614 0.999981471884261 93.934544100974
0.999970409902541 0.00641088281208029 -0.00425204667342566 -0.611576745336865 -0.00639539749990987 0.999972904235745 0.00364550204334836 -1.83889895760938 0.0042753023473625 -0.00361820064392288 0.999984315083961 95.2792585094696
0.999979985198021 0.00482952375443877 -0.0040871632791727 -0.621685294481816 -0.00481651791419259 0.999983325134305 0.00318600196494293 -1.86106039926303 0.00410248199844532 -0.00316625230259214 0.999986572153751 96.624060855902
0.999964360522605 0.00715348090109983 -0.00448390405954022 -0.634075892078631 -0.00714212609117312 0.999971260501583 0.00254326675228211 -1.89778856755543 0.00450196840452545 -0.00251115150341022 0.999986713111035 97.9401811777653
0.999955742782141 0.00855511153972454 -0.00391440206927682 -0.655929219758893 -0.00854362667313422 0.999959176537342 0.00294137757365262 -1.92658605091065 0.00393940608305316 -0.00290780420653609 0.999988012805358 99.3362530023775
0.999958540084529 0.00808515123568363 -0.00418908599984201 -0.661636069751475 -0.00806835474811425 0.999959405591888 0.00401108713140707 -1.94906858618847 0.00422134619245225 -0.00397712180015657 0.99998318122782 100.670146235141
0.999948325911352 0.00942392770266965 -0.0038124918019297 -0.682526899838449 -0.00940350234987064 0.99994152545532 0.00534039452130293 -1.98144170795185 0.00386259636007998 -0.00530426778566471 0.999978472314588 102.025824561258
0.999953894018643 0.008747250152578 -0.00396174856862315 -0.699309511869579 -0.00873183683812652 0.999954305507234 0.00389126238884114 -2.00085007232284 0.00399560538405635 -0.00385648963627509 0.99998458119378 103.360810186627
0.999950984892592 0.00930410767906511 -0.0033854678602092 -0.711926347480122 -0.00929709417956057 0.999954614622274 0.00208152238446403 -2.0149164393685 0.00340468091787302 -0.00204994534488254 0.999992102904783 104.715862170738
0.99996360084003 0.00776782012872342 -0.00352958432231239 -0.72912611129327 -0.00776460465910213 0.999969428289545 0.000923796929834826 -2.04721866488512 0.00353665230526889 -0.000896357477528876 0.999993344294723 106.002738593803
0.999975369370939 0.00622940855431137 -0.00323343787912566 -0.741992844014045 -0.00622336193810487 0.999978873598315 0.00187673206209096 -2.0812913375392 0.00324506049897994 -0.00185656298277351 0.999993011353704 107.340450262582
0.999989170610091 0.00372233220999095 -0.00279336812125574 -0.744223734645727 -0.00371168175472487 0.999985859990029 0.00380831177226773 -2.09544215561066 0.00280750442457826 -0.00379790243708476 0.999988846865796 108.714235563111
0.999996694273368 0.000652241650839199 -0.00248717172015989 -0.759394407252799 -0.000640668426819715 0.999988978217278 0.00465112759792175 -2.12123107342938 0.00249017796623633 -0.00464951877017219 0.999986090397713 110.028003528896
0.999998940195714 0.00109592914182454 -0.000958408454279255 -0.764314687012046 -0.00109265615963178 0.999993592732183 0.00340889969024423 -2.15145779396612 0.000962138226011706 -0.00340784886657671 0.999993730408414 111.356916773611
0.999995032670114 0.00314086232220805 -0.000263854069717753 -0.775184384483169 -0.00314066092230037 0.999994779099445 0.000760278122334801 -2.1682693820899 0.000266240621070734 -0.000759445669616609 0.999999676179051 112.682015854547
0.999984276925943 0.00556291940428766 0.000706985573119979 -0.781279747311688 -0.00556219178398124 0.999984003499034 -0.00102701927980421 -2.19809759846198 -0.000712687489304777 0.00102307074255782 0.999999222701097 114.002970249995
0.999968067102843 0.0076331213962203 0.00236648100654607 -0.789403047388403 -0.00762956048297065 0.999969754210253 -0.00151012301605033 -2.22445274224893 -0.00237793638276385 0.00149201958347612 0.999996059640298 115.331839788806
0.99995043227918 0.00924006876687207 0.00370865391548793 -0.793390746138346 -0.00924226509678915 0.999957123739136 0.000575516494261834 -2.25656279926481 -0.00370317709029175 -0.000609764329860104 0.99999295730865 116.617486435831
0.999955104875435 0.00822795249792505 0.0046998969402364 -0.793805823200201 -0.00824021048425561 0.999962682388387 0.00259475659683329 -2.2830911426943 -0.00467837201728534 -0.00263336824495451 0.999985588999639 117.969184016216
0.999941997430374 0.00932898616325231 0.00538254513395503 -0.802580556010362 -0.00934515590101113 0.999951872334718 0.00298681694744732 -2.29691643231581 -0.00535442211064956 -0.00303694442781041 0.999981053386715 119.301072691952
0.999936731787588 0.0090813008764254 0.00663795121624839 -0.811478994761184 -0.00909905694795323 0.999955092264916 0.00264964452752098 -2.33340922482394 -0.00661359090172368 -0.00270987598538257 0.999974458167572 120.654866208324
0.999914167045525 0.010425631504873 0.00793503304208771 -0.815513993687511 -0.0104438299166719 0.999942918042657 0.00225545405785485 -2.34947278746781 -0.00791106556198672 -0.00233813260104412 0.999965973509906 121.97880289216
0.999912356145321 0.00995254400445792 0.00873080155271677 -0.8181966429611 -0.00997002395481953 0.999948375480347 0.00196086627684081 -2.36611640670146 -0.00871083522137331 -0.00204774071958715 0.999959963252375 123.302735845245
0.99987279012692 0.0119251480720111 0.0105921861421378 -0.815417913407487 -0.0119394874369097 0.999927887649973 0.00129156478987361 -2.39748655918444 -0.0105760202133393 -0.00141786576345408 0.999943067105885 124.638599847486
0.999834951767753 0.0142083610476582 0.0113221773486769 -0.807453422004042 -0.0142118907044452 0.999898979218041 0.000231346764142794 -2.42611728388327 -0.0113177465151156 -0.000392218127784078 0.999935875333394 126.013531302501
0.999835695292338 0.0131530112796376 0.0124731998125558 -0.811004678664858 -0.0131483678819466 0.999913453314868 -0.000454204774354301 -2.45140684243718 -0.0124780944589794 0.000290127926571121 0.999922103458294 127.378432660603
0.999814266804639 0.0136495903454792 0.0136059022965009 -0.798506211524683 -0.0136612988078863 0.999906385187473 0.00076796888146747 -2.48199306017795 -0.0135941461218781 -0.000953700540976582 0.999907140511805 128.667181985681
0.999849236532793 0.00991717992659627 0.0142532012928549 -0.780817722247821 -0.00993362958112965 0.99995007297894 0.00108376785182708 -2.50370924754559 -0.0142417417521885 -0.00122519048121659 0.999897830630784 130.020078059707
0.999844408738123 0.00964975156457796 0.0147661982194224 -0.773209903965234 -0.00967010153000902 0.999952388832517 0.0013073654966958 -2.52761366478902 -0.0147528794312386 -0.00144995271804249 0.999890119055891 131.32994479694
0.999856424528162 0.00848204218296611 0.0146691952801485 -0.768595196489544 -0.00850717784074376 0.99996244879158 0.00165194792053699 -2.55142517970539 -0.0146546325421932 -0.00177650419436367 0.999891036952477 132.692806319076
0.999881172150427 0.00584418268312362 0.014264890741028 -0.747992843180848 -0.0058836004783377 0.999978984384551 0.00272287250021949 -2.57684379982984 -0.0142486779912557 -0.00280647786512297 0.999894543868249 133.996635276486
0.999891563837934 0.00539527937044848 0.0137022452993967 -0.732750328589008 -0.00542899707869403 0.999982323157467 0.00242473984492093 -2.60561192412155 -0.0136889209381002 -0.00249886636514012 0.999903179868151 135.330536680018
0.999914484604908 0.00315754418608213 0.0126906813061349 -0.724465689080693 -0.0031909276142282 0.999991499877146 0.00261115959218913 -2.6274493524366 -0.0126823285819954 -0.00265143134326807 0.999916060703882 136.680439649311
0.999933485940118 0.00153030602245088 0.0114316166450997 -0.722232276575681 -0.00156901450470946 0.999993064004809 0.00337788924593021 -2.64265162220233 -0.0114263681512054 -0.00339560094113107 0.999928951478615 137.98933007422
0.999944076305401 0.00119254653675831 0.0105081917804646 -0.705048215418065 -0.00122996035798756 0.999992925626168 0.00355470042821993 -2.66952837005161 -0.0105038782959028 -0.0035674262955629 0.99993846911216 139.343213836535
0.999954113376008 0.000556323843987891 0.00956355823859595 -0.697585426141844 -0.000587781597522557 0.999994425583077 0.00328683975339874 -2.68021953188354 -0.00956167638000888 -0.00329231021495833 0.999948866211794 140.644217429044
0.99996941993588 0.000429624443810305 0.00780862445875344 -0.699798816407746 -0.000451112715668728 0.999996116135937 0.00275031095669037 -2.70935102019885 -0.00780741253030245 -0.00275374942179019 0.999965729999635 142.078112956215
0.999976116276999 0.00064569750753614 0.00688113001605905 -0.697210997843717 -0.000662229826990516 0.999996899397963 0.00240055121078689 -2.73062245470793 -0.00687955865047979 -0.00240505076622675 0.999973443349165 143.388043631183
0.999981008260561 9.40026502384709e-06 0.00616303738649386 -0.690392643960437 -1.37842453404918e-05 0.999999746936612 0.000711292279082798 -2.76257522272888 -0.00616302914051881 -0.000711363723224546 0.999980755331555 144.674012787747
0.99998379560763 -0.00266630289856446 0.00502984602249186 -0.686398913333941 0.00266787943403578 0.999996394154581 -0.000306752607409625 -2.80978998202473 -0.00502900999027834 0.000320166659429787 0.999987303195309 146.043831866466
0.999923347834209 -0.011619724243766 0.00427556598907068 -0.673359855815674 0.0116093845297974 0.999929643397947 0.00243525047873812 -2.8239638036818 -0.00430356211380327 -0.00238542712186503 0.999987894472018 147.403595844669
0.999802674217327 -0.019722823926841 0.00237125372598836 -0.664363738991306 0.0197147398011723 0.999799913409232 0.00338558436084804 -2.82984021657674 -0.00243755255415296 -0.00333816764755381 0.999991457450664 148.730544937266
0.999746891115412 -0.0224532280416143 0.00141642351691314 -0.663937334485962 0.0224525426205789 0.999747785871438 0.000497970911930806 -2.88023496250259 -0.00142724732933382 -0.000466042561686447 0.999998872884061 150.131476199474
0.999760417122988 -0.0218186714635442 0.00174754960886185 -0.66228894019147 0.0218227561777084 0.999759085239544 -0.00235346421248463 -2.91776522390296 -0.00169577913591304 0.0023910367117803 0.999995703629053 151.423478613877
0.999820423096148 -0.018813042426607 0.00227837540696037 -0.683894520396599 0.0188240139975417 0.999810835594851 -0.00489382510383915 -2.94542744834409 -0.00218587668012488 0.00493583445643128 0.999985429634531 152.773475695917
0.999876829965289 -0.0153297690551695 0.00336497834760905 -0.67826912672534 0.0153469034064858 0.999869086624117 -0.00512661382259789 -2.99489989392188 -0.00328594802099833 0.00517762437506108 0.999981197198944 154.154207432084
0.999754733629321 -0.0217706769651614 0.00406327580214092 -0.679664029775426 0.0217761033498594 0.999762032492242 -0.00129603621753194 -2.99826600896755 -0.00403409328869791 0.001384200657239 0.99999090499858 155.478926523171
0.999645378865442 -0.0262497577675249 0.00447959039571165 -0.6736290520663 0.0262446852687038 0.999654843699499 0.00118741874530153 -3.04144672074677 -0.00450921369129569 -0.00106943222145072 0.999989261595648 156.830500675062
0.999549397509243 -0.029680311788156 0.0044811863459181 -0.657477076156429 0.029670081157081 0.999557024733548 0.00233250722368977 -3.06983140652757 -0.00454843083284974 -0.00219849902756167 0.999987239108072 158.216292485847
0.999520326923068 -0.0306455044465271 0.00446868267187942 -0.646421178564827 0.0306344214307314 0.99952745938494 0.00252787639959582 -3.09512742139313 -0.00454403908526522 -0.00238976833713456 0.999986820271191 159.505163966378
0.999519004416069 -0.0305573010686623 0.00529255727498827 -0.656841781968117 0.0305418170314807 0.999529041147779 0.00298216609488623 -3.11513218833829 -0.00538119164548693 -0.00281908737024272 0.999981547591191 160.843006640661
0.999572130127079 -0.0285623953952486 0.00630446211017209 -0.658928721577182 0.028548251489282 0.999589718200211 0.00232219838242552 -3.12909050863487 -0.00636820305249587 -0.00214122341387289 0.999977430321392 162.251988578275
0.999670006597356 -0.0245964786625471 0.00740885598753689 -0.676508668805766 0.024592388211671 0.999697354883596 0.000642713612097019 -3.16220772867608 -0.0074224222251002 -0.000460300058195368 0.999972347503754 163.552889967287
0.999748323315061 -0.0208523243798844 0.00827469616851646 -0.671279153326491 0.0208549718515564 0.999782484090973 -0.000233781850752398 -3.19725510501405 -0.00826802139547143 0.000406291568985794 0.999965736787699 164.912761745
0.999742942725375 -0.020992959781658 0.00856411760856657 -0.674100403004973 0.0209872673492028 0.999779458709496 0.000754023713259203 -3.21195904785461 -0.00857805805650401 -0.000574092460117468 0.999963042986003 166.277615662103
0.999724558549567 -0.0219049434918394 0.00842499160191156 -0.66353548294846 0.021901033087696 0.999759988929462 0.000556134385273769 -3.23162862434961 -0.00843515160294119 -0.000371465182975028 0.999964354480225 167.587554238899
0.999767718186867 -0.0201992705150922 0.00751659112120818 -0.67077001552581 0.0202095219253462 0.999794934040363 -0.00129038396453787 -3.2459877248098 -0.00748898490946867 0.00144199094487887 0.999970917460673 168.95662304629
0.999846768408703 -0.0157547391799252 0.00763072054565674 -0.663471085506094 0.0157878145047823 0.999866145028948 -0.0042938255801977 -3.29607106931778 -0.00756205103367889 0.00441364003098396 0.999961666848205 170.358564442091
0.999923349572226 -0.0100769509947169 0.00719374998936515 -0.676281888179026 0.0101160615246943 0.99993413571308 -0.00542121157719099 -3.3140086365889 -0.00713864689475648 0.00549356845649023 0.999959429390076 171.724538081766
0.999958416695513 -0.00533098693438119 0.00739901737448307 -0.678365626034298 0.0053683468601072 0.999972895977039 -0.00503866681605392 -3.35234862955239 -0.00737195576438318 0.00507817778332769 0.999959932386598 173.06928343211
0.999963765137032 0.00280667936754786 0.00803685037184186 -0.692245827029478 -0.00278604298616172 0.999992796518875 -0.00257776547423465 -3.39094939996416 -0.00804402743971281 0.00255528105864663 0.99996438144629 174.440845258753
0.999964987303822 0.00304269262326333 0.0077952670299009 -0.689214490511839 -0.00303643380417478 0.999995058228561 -0.000814609237494272 -3.42319471850747 -0.0077977071129907 0.000790910903506376 0.999969284640145 175.842543478312
0.999973181040317 -0.00202299884954896 0.00703879789199969 -0.684727449885631 0.00201883038221396 0.999997782598577 0.000599267734323574 -3.45565175191006 -0.00703999460209634 -0.000585041523547735 0.999975047789903 177.180274439746
0.99996909026777 -0.00530629950429868 0.00580186992441591 -0.684236298661115 0.0053000692195323 0.999985361903678 0.00108868941320382 -3.45876932917006 -0.00580756190817872 -0.00105790544990345 0.99998257637858 178.531259683708
0.999990278187117 -0.00284595231851027 0.00336809837348909 -0.676498565158557 0.002856107482753 0.999991378755972 -0.00301414395421073 -3.51786217558224 -0.00335949122631629 0.00302373430223438 0.999989785372616 179.980247773918
0.99999478647976 -0.00236025800489016 0.00220367771020617 -0.69126630102921 0.00237565825167152 0.999972592524956 -0.00701216420158811 -3.55588750022136 -0.00218706679627592 0.00701736282866439 0.99997298631401 181.358307615248
0.999996629053837 0.0022348937787431 0.00132179073980065 -0.690918326568211 -0.00222377673875102 0.999962639636832 -0.00835309209549206 -3.55937460816311 -0.00134040963077606 0.00835012457016765 0.999964238721408 182.724418655703
0.999991222073285 0.00394494299314287 0.0014118077627844 -0.710671530845506 -0.00393498280713248 0.999967830924808 -0.00698949396188339 -3.59535898237799 -0.00143933550146487 0.00698387716934408 0.999974576563323 184.122080098097
0.999979083427435 0.00633169139093634 0.00131999687767019 -0.703997048554131 -0.00632630704241212 0.999971811177807 -0.00404409309752955 -3.62461878931253 -0.00134556561796269 0.00403565780341964 0.999990951418692 185.494717134186
0.999986650395445 0.00486368624939098 0.00174458790723669 -0.725841162939689 -0.00485971805634806 0.999985611278925 -0.0022716459949948 -3.64953990193515 -0.00175561137823725 0.0022631374640654 0.999995898010341 186.999414975168
0.999983819895419 0.00541086917353569 0.0017556885127755 -0.728687623640788 -0.00540859104868319 0.999984528800679 -0.00129973156924335 -3.68905976934135 -0.00176269402765046 0.00129021473827616 0.999997614125001 188.342111100463
0.999990465647794 0.0040130932367645 0.00172153889893387 -0.720811823441859 -0.00401264777057382 0.999991914938493 -0.000262136442243161 -3.72423810555927 -0.00172257695816946 0.000255226013717231 0.999998483793003 189.746852172966
0.999998187228172 0.000950837376381149 0.00164968137952391 -0.734173163983924 -0.000951074176624549 0.999999537538001 0.000142764470765603 -3.74917513919831 -0.00164954487081414 -0.000144333181325916 0.999998629083886 191.178668894424
0.999998004266086 0.000114000425606395 0.00199460967321075 -0.738758630335542 -0.000113780489306787 0.999999987435298 -0.000110378459387219 -3.79805147607108 -0.00199462223134042 0.000110151291436591 0.999998004672433 192.650394332801
0.999996054346282 -0.00090356430684678 0.00265986153997795 -0.737470626264437 0.000901139137529731 0.999999177351288 0.000912822546411569 -3.82207943124492 -0.0026606841457177 -0.00091042203939581 0.999996045937976 194.010190710172
0.999967383401677 -0.00741414403696907 0.00320352946015821 -0.729455492560769 0.00740744047696415 0.999970360781645 0.00209937700438656 -3.83111078065675 -0.00321899959354746 -0.00207557857605776 0.999992664980695 195.343085918056
0.999922401050535 -0.0120041724727521 0.00333042348323029 -0.736317376582184 0.0119970652024066 0.99992573006012 0.00214587750475463 -3.84492150969935 -0.00335593561655089 -0.00210575567923464 0.999992151713781 196.805014231073
0.99996778346883 -0.00710298055202224 0.00373894259289927 -0.73407789930432 0.00710912829739245 0.999973395579157 -0.00163353259616117 -3.89996222280188 -0.00372724017023539 0.00166006059199687 0.999991675905127 198.210975423176
0.999990844903581 -0.000709727943200501 0.00421976246581794 -0.75463799980761 0.000736214549435944 0.999980018613331 -0.00627856370668619 -3.93804220257466 -0.00421522207700666 0.00628161287635258 0.999971386211882 199.647062179222
0.999960760389751 0.0070546133400995 0.00535818172259423 -0.760132173055891 -0.00701980830476888 0.999954319869687 -0.00648694576170716 -3.95609443793824 -0.00540369985426195 0.00644907780792904 0.999964604085221 201.063970507837
0.999887528672025 0.013590692863787 0.00634216632014754 -0.775097810137249 -0.0135664007085075 0.99990053054305 -0.00385769251533926 -3.98046963706437 -0.00639396418244669 0.00377121826588002 0.999972447187834 202.620614601382
0.999884544492263 0.0130103527194061 0.00785037627221355 -0.799509853994472 -0.0130022918660123 0.999914886639861 -0.0010769782840005 -4.00078965196704 -0.00786371996765666 0.000974781057376557 0.999968605362269 203.975247996065
0.999861493837051 0.0150592049120795 0.00708614770915022 -0.780469832069897 -0.0150525931763246 0.999886217676771 -0.000985463702415645 -4.05020907477577 -0.00710018173062923 0.000878662310966316 0.999974407358476 205.383993747864
0.999929825231242 0.00999922422408887 0.00635296213864578 -0.7724948412039 -0.00999336745996499 0.999949610956062 -0.00095297199851065 -4.06374803923166 -0.00636217099964982 0.000889417638810289 0.999979365645329 206.796959847975
0.999950586089039 0.00860271665677413 0.00498183162203047 -0.766213249794055 -0.00859623971261403 0.999962180323952 -0.00132006991117395 -4.08750438840389 -0.00499299939818537 0.00127717966252604 0.999986719296371 208.307891190382
0.999932792391383 0.0107205046301641 0.00441378305386156 -0.775080724037347 -0.0107106372904558 0.999940100930582 -0.00225317548573286 -4.13192036669279 -0.00443767385059139 0.00220574962582799 0.999987720784302 209.756693109596
0.999909888876382 0.0127557282383665 0.00418396036431871 -0.784342201327703 -0.0127481683206871 0.999917066771756 -0.00182860138798098 -4.16851817791262 -0.00420693851734023 0.00177509877968384 0.99998957529198 211.148439533735
0.999905640355768 0.0130953727549164 0.00414989121927338 -0.783215496349101 -0.0130909065255575 0.999913703630385 -0.00110157092614959 -4.19635783519997 -0.00416395858062077 0.00104714114426616 0.9999907824297 212.706242267569
0.999921996799452 0.0119183177288746 0.00373550787849976 -0.783513652401736 -0.0119120333644904 0.999927603955842 -0.00170009066014023 -4.22727507057595 -0.00375549966316187 0.00165546055314551 0.999991577800852 214.149122704009
0.999910728642796 0.0128098001116956 0.0038004955111371 -0.7879972764875 -0.0128000140982668 0.999914726853 -0.00258817726867641 -4.25774129717064 -0.00383332546439009 0.002539299822456 0.999989428730272 215.553014430704
0.999929256402473 0.0113794986097956 0.00346254267650144 -0.798677182102725 -0.011369983444838 0.999931563240169 -0.00275541512938681 -4.28810145768931 -0.00349366095393415 0.00271585114849901 0.999990209194909 217.120849066769
0.999916838566295 0.0124976336774129 0.00318199686541111 -0.790310725197692 -0.0124887010865977 0.999918059731612 -0.00281179084183272 -4.32648335929118 -0.00321687686365268 0.00277181800156442 0.999990984323464 218.536653952046
0.999919219178836 0.0123972690899814 0.00280407487390062 -0.809619132084807 -0.0123883940866944 0.999918265911683 -0.00316056769028545 -4.34903506740936 -0.0028430280935308 0.0031255743924456 0.999991073948151 219.94653279262
0.999930528058109 0.0114546468883143 0.00278030971201576 -0.813767314239106 -0.0114461383645048 0.99992981744643 -0.00305713887315091 -4.38990277816997 -0.00281513302906094 0.00302510267811685 0.999991461853458 221.473287745018
0.999898953802322 0.0140487515372565 0.00217135102346816 -0.808702524034824 -0.0140415106035628 0.999895918673046 -0.00331478520516344 -4.42401406083485 -0.00221769362011906 0.00328396121030226 0.999992148686067 222.966132815951
0.999896329525845 0.0142925291663018 0.00174751560020684 -0.809622689652666 -0.0142867630494223 0.99989259612991 -0.00326873158241087 -4.45233926063885 -0.00179404635174676 0.00324342637015251 0.999993130767941 224.402979755885
0.999901304282546 0.0139814297874375 0.00137888185225221 -0.817122464864816 -0.0139765988162123 0.999896360144106 -0.00345306473994321 -4.48136697161553 -0.00142701772734874 0.0034334518587774 0.999993087490478 225.96782965703
0.999902068646769 0.0139312892772387 0.00133127569837164 -0.833183794813043 -0.0139266650509858 0.999897164128975 -0.00342186606848587 -4.52854521204311 -0.00137880980154366 0.00340299072976947 0.999993259246093 227.449525794621
0.999900704306646 0.0140425097898277 0.00117874758769092 -0.827856567451871 -0.0140383095701103 0.999895336012262 -0.00349898347215808 -4.56314994150704 -0.00122775872493009 0.00348208841462715 0.999993183811163 228.909351395246
0.99991954471999 0.012585509268661 0.00158399602781092 -0.847132837110979 -0.0125800836882787 0.999915121670712 -0.00338983017870189 -4.59684138403844 -0.00162652432000772 0.00336963064637392 0.999992999979472 230.447121667209
0.999941078481412 0.0107313028957746 0.00163667455214749 -0.853624797760559 -0.0107269214437447 0.999938919640307 -0.00266273260289647 -4.61829166799391 -0.00166514917356928 0.00264501923129806 0.999995115563819 231.866948840604
0.999938219202752 0.0109832721738637 0.0017104122261567 -0.850494102971292 -0.0109792148093635 0.999936932778378 -0.00236374870461924 -4.66173939334028 -0.00173626605058322 0.00234482368709624 0.999995743581981 233.407685260552
0.999927076706466 0.0119435557291286 0.00178682562275634 -0.847584251748015 -0.011939044717808 0.999925565950922 -0.00251431281964202 -4.698113068386 -0.0018167224573721 0.00249279647665722 0.999995242731304 234.944500394168
0.999926564753216 0.0119179809608785 0.00219700492691237 -0.86639341354215 -0.0119105605141164 0.999923420784079 -0.00336022554389204 -4.72772210113846 -0.00223688378605405 0.00333381122476818 0.999991940994349 236.400366868219
0.999925812387595 0.0119393617783283 0.00241274974562754 -0.897168309290121 -0.0119327300289479 0.999925035806605 -0.0027445803350976 -4.75790827123166 -0.00244533741333941 0.00271558602989349 0.999993322936433 237.94710190042
0.999942766989773 0.0102743007055962 0.00298353646656018 -0.907042982062058 -0.0102724258327538 0.99994703047277 -0.000643052252114298 -4.78996018576101 -0.00298998534225171 0.00061236729122612 0.999995342486131 239.435748721988
0.999936480213034 0.0109086309236269 0.00283501508660145 -0.916032455948612 -0.0109048832608164 0.999939650117272 -0.00133403313903844 -4.81959908341866 -0.0028493964689271 0.0013030328929756 0.999995091510475 240.923626588159
0.999942478697978 0.0100508864789472 0.00374419234693126 -0.911195398046562 -0.0100441087747305 0.999947891965566 -0.00182461846488348 -4.83530299265623 -0.00376233627748546 0.00178690643524759 0.999991325857943 242.405597997776
0.99993647255952 0.0102056306878789 0.00478497100158442 -0.90901602234472 -0.0101907623202454 0.999943200816497 -0.00312145866402596 -4.87020164505739 -0.00481655567347097 0.00307249786356006 0.999983680140992 243.935499567037
0.999927807644048 0.0110332239996696 0.00475893563116938 -0.935428476012038 -0.0110202624963117 0.999935517487407 -0.00274129197709076 -4.90075784566235 -0.00478887405147435 0.00268864935690604 0.999984918811256 245.473258958836
0.999924913336758 0.0113676413224919 0.00457650731882127 -0.932114756908884 -0.0113597514094838 0.999933951021572 -0.00174632250828804 -4.92925946192278 -0.0045960566130957 0.00169420339729246 0.999988002897264 247.010042288986
0.999920127727608 0.0119303967644376 0.00417178597822396 -0.957434950822601 -0.0119263484584099 0.999928384586973 -0.000993936484319684 -4.97449013998324 -0.00418334527066465 0.00094410292308386 0.999990804103726 248.527683086732
0.999901149913957 0.0133855456486231 0.00430320443788843 -0.944241638800791 -0.0133823433381714 0.999910154334682 -0.000772104378396067 -5.01229330674045 -0.00431315285202523 0.000714441096569663 0.99999044309753 250.03347856633
0.999864314240911 0.0157278719497441 0.00489766796395429 -0.927524513445523 -0.0157254987142207 0.999876210075623 -0.00052269972016806 -5.04103179160013 -0.00490528263627438 0.00044561052598991 0.999987869743187 251.504332291701
0.999823459516631 0.0181492445767204 0.00486361197990203 -0.932637295820155 -0.0181438331757432 0.999834720615866 -0.00115445601197025 -5.07703939850575 -0.00488376062962364 0.00106600763935298 0.999987506176865 253.124172952185
0.999830266549873 0.0177642335228828 0.00488570344517925 -0.937918249466365 -0.01776078687013 0.999841985029637 -0.000747945018067009 -5.09413245891849 -0.00489821810085737 0.000661044129178098 0.999987785165447 254.670057008851
0.999868848952813 0.015576995535513 0.00443194131997032 -0.928015258983611 -0.0155753809035865 0.99987861694656 -0.000398600981675578 -5.13998694203498 -0.00443761236311225 0.00032951953053854 0.999990099457686 256.167790696097
0.999877204625102 0.014989968099042 0.00456908387777965 -0.941164686219892 -0.0149905256484847 0.999887631902468 8.78023765521357e-05 -5.16130646280817 -0.0045672543036933 -0.000156284563886324 0.999989557827111 257.648624279778
0.999942382842693 0.00965937100655794 0.00468268583555406 -0.936539041818147 -0.0096639693862459 0.999952841584957 0.000960365488641462 -5.18980181979558 -0.00467318848095523 -0.00100556348767223 0.999988575010482 259.253420145652
0.999941374820196 0.00988316667898801 0.00442379238799059 -0.930077453897036 -0.00988523218498463 0.999951040753803 0.000445286464701657 -5.21969848725436 -0.00441917496209939 -0.000488990574596054 0.999990115841588 260.757313505443
0.99994177668174 0.00988160118979807 0.00433557429758795 -0.934861281387722 -0.00987904985722236 0.999951015250046 -0.000609486931798756 -5.2534143082727 -0.00434138462735551 0.000566620090801587 0.999990415614665 262.275200917446
0.999957732827915 0.00783199395057926 0.00481585178487217 -0.930171911066771 -0.00783773454925283 0.999968594968097 0.00117430603580059 -5.2848604042152 -0.00480650338512471 -0.00121200176912367 0.99998771421299 263.811903223
0.999974020423167 0.00495301051821595 0.00523699966917556 -0.928319775339571 -0.00496609010855615 0.99998457505752 0.00248748790260307 -5.30216943994474 -0.00522459833501137 -0.00251343069097559 0.999983192977962 265.356727845112
0.999976414546258 0.00406176898219885 0.00553826542753524 -0.911396679411447 -0.00407491061896778 0.999988904036933 0.00236366377937618 -5.34199943814773 -0.00552860331892318 -0.00238617596789477 0.999981870190451 266.921544373156
0.999976198437936 0.00419160665480045 0.00548023642416194 -0.915285692840923 -0.00419772822216266 0.999990577875039 0.00110600131928004 -5.38026681741957 -0.00547554886619943 -0.00112897953782283 0.999984371762788 268.383418484933
0.999969415657558 0.00453566531558958 0.00637145898733628 -0.919218545819751 -0.00454178614242009 0.99998923807862 0.000946522887983399 -5.40011749313079 -0.00636709730716214 -0.000975431743338946 0.999979254087201 269.970323701147
0.999953685907232 0.00614299647731857 0.00740875393175189 -0.928489048749959 -0.00614897826409755 0.999980786825389 0.000784886223344504 -5.42561417418104 -0.00740379003276385 -0.000830406138941533 0.999972246774277 271.482178531742
0.999937925826699 0.0076278838540745 0.00812156889451152 -0.926713200200406 -0.00763218997042995 0.999970749737178 0.000499345893970611 -5.45787384569152 -0.00811752238400461 -0.000561300254147899 0.999966894838209 273.099024125369
0.999917120247046 0.00872678272818605 0.00946551108334422 -0.931760058410812 -0.00872938539327669 0.999961870884757 0.000233682077035521 -5.48635535948899 -0.00946311087906752 -0.00031629080371355 0.999955173741612 274.616871965428
0.999913846212712 0.00867987437415846 0.00984682349545803 -0.922189175644624 -0.00867994204237632 0.999962327950342 -3.58646627771416e-05 -5.51378091169924 -0.00984676384620171 -4.96082843414716e-05 0.999951518215146 276.146763687436
0.999898296176074 0.00935876222706703 0.0107615460674398 -0.932104102116876 -0.00935657406373722 0.999956194129244 -0.000253661875838739 -5.55030038922208 -0.0107634486097257 0.000152944874635661 0.999942060712465 277.700551102777
0.999878322641239 0.0100855412741821 0.0119004945001984 -0.9121526446933 -0.0100760999223591 0.999948870950644 -0.000853050342605633 -5.5991326384891 -0.0119084895136671 0.00073303597398357 0.99992882273478 279.244339997789
0.99985382424385 0.0113706368091492 0.0127686633405216 -0.895530038959985 -0.0113590709544358 0.999935005438197 -0.0009779603087299 -5.62475591462421 -0.0127789534783273 0.000832777201763999 0.999917999052988 280.790239145635
0.999883467080738 0.00741408372978533 0.0133447975274784 -0.89433917619685 -0.00741305336145827 0.999972514918898 -0.000126675311470295 -5.64811549378377 -0.0133453699260018 2.77348534573966e-05 0.999910946200869 282.32705901366
0.999876620968748 0.00817895988204365 0.0134107216571775 -0.861269728421029 -0.00818160005454042 0.999966520065246 0.000142018132942345 -5.67892820250319 -0.0134091111064795 -0.000251721771924472 0.999910062143333 283.878934269444
0.999891290835639 0.00582849321045936 0.0135438243467597 -0.879405739894806 -0.00580251957375474 0.999981251744264 -0.00195625319695919 -5.72394585353899 -0.0135549724321537 0.0018774522284333 0.999906364563949 285.441803374673
0.999894410481566 0.00645070141051095 0.0130213800740718 -0.847144800260225 -0.00639922113323924 0.999971559259115 -0.00399132080674488 -5.75497487284006 -0.013046756555133 0.00390757267454904 0.999907252208516 286.921852246567
0.999909382181805 0.00564294434800345 0.0122222994516862 -0.841995933494022 -0.00559605021567657 0.999976862771246 -0.00386757600569055 -5.7824503509442 -0.0122438411777097 0.00379882893290854 0.999917825249632 288.526719978823
0.999926121057662 0.00260641714152923 0.0118726162349068 -0.85096074574889 -0.00256071708779428 0.999989260790732 -0.00386277506477998 -5.8159536625691 -0.0118825567355392 0.00383208727577416 0.999922056938708 290.056527111399
0.999939801020726 0.00218134428671597 0.010753421396622 -0.846767838921218 -0.00213016786053439 0.999986363034617 -0.00476824178135953 -5.84837797607452 -0.0107636759295542 0.00474504814542149 0.999930811505767 291.604437954366
0.99994020640824 0.00378931651346507 0.0102579085883572 -0.81035764467697 -0.00373438175604033 0.999978612686006 -0.00536922373078612 -5.90772394999362 -0.0102780348873928 0.0053305957389268 0.999932971127526 293.1732041188
0.999950640511166 0.00187141832674482 0.00975778329102211 -0.825508390015286 -0.00182597795613642 0.999987457939851 -0.00466366459968226 -5.92972742836727 -0.00976638857571879 0.00464561690639136 0.999941516238698 294.769023720039
0.999959849144078 0.00197451643468166 0.00874078855727798 -0.83405682209956 -0.00193662709467526 0.999988702023832 -0.00434111738930485 -5.96691673791674 -0.00874926141168724 0.00432401544177715 0.999952375523559 296.320786950639
0.999959895458909 0.00382570332965878 0.00809762112234758 -0.804755282469753 -0.00379858526115094 0.999987135020212 -0.00336162818922147 -6.0159919532158 -0.00811037753877209 0.00333073386841989 0.999961563255346 297.908490789556
0.999967293965259 0.00322346964548427 0.00741756316065326 -0.805420394541209 -0.00321067728100462 0.999993339136675 -0.00173586683830362 -6.04130310144291 -0.00742310926734072 0.00171199466346218 0.999970982840541 299.472245734893
0.999965954026185 0.00258257216556913 0.00783716208269121 -0.80969168451122 -0.00256846665449839 0.99999506459399 -0.00180935532880392 -6.07436289242541 -0.00784179619382416 0.00178916423806449 0.999967652038697 301.058062146674
0.99995490252426 0.00426923415803568 0.00848331052140086 -0.813331132678069 -0.00425352428860088 0.999989207059031 -0.00186903626962122 -6.10215645519232 -0.00849119831501606 0.00183286801345287 0.99996226936121 302.602908275822
0.999948872687253 0.00423119228424756 0.0091841724365806 -0.790438986657325 -0.00421096100070353 0.999988667278564 -0.00222106323475937 -6.13540780512903 -0.00919346610053449 0.00218227548581056 0.999955357930924 304.220792427082
0.99994899842404 0.00390264406223083 0.00931503730982671 -0.77588986921703 -0.00387577664003312 0.999988282317274 -0.00290061779366188 -6.17213279593233 -0.00932624823798417 0.00286436685357668 0.999952407115624 305.812667522806
0.999952875246701 0.000684280822472567 0.00968395815828432 -0.786505170561392 -0.000636744269436872 0.999987738115724 -0.00491102585355186 -6.21259491584425 -0.0096871999355203 0.00490462821780731 0.999941049652155 307.396570256448
0.999952503052503 0.0011383864544901 0.00967965471049412 -0.760060904674945 -0.00107897452164751 0.99998056285972 -0.0061408237834304 -6.24252146189479 -0.00968645719630212 0.0061300880122346 0.999934295125408 309.000552222244
0.999973066912835 0.00082907352311364 0.00729233063105527 -0.749058147841903 -0.000778373058416689 0.999975526986431 -0.00695266593410922 -6.29172489030159 -0.00729791643698982 0.00694680252365531 0.999949239886893 310.619370230439
0.999983047312454 0.00199486612966667 0.00547042930877976 -0.764402635305238 -0.00195901229810053 0.999976618729664 -0.00655166122478562 -6.33429576776772 -0.00548337109026361 0.00654083351822819 0.999963574405775 312.235086414747
0.999979761857705 0.0035824532297975 0.00525755683410187 -0.780613745695867 -0.00356344676342362 0.999987098633725 -0.00362000183275391 -6.36973309867772 -0.00527045749169307 0.00360119354675771 0.999979626633897 313.858647887704
0.999982366511688 0.00233590350455053 0.0054598736708041 -0.746245432874885 -0.0023299434424915 0.999996683184331 -0.00109771758277004 -6.40612498688794 -0.00546241972375815 0.00108497702932375 0.999984492277559 315.481323438795
0.999982419236142 0.00122782177338745 0.0058011785290411 -0.752647992771791 -0.00122688513715874 0.99999923376163 -0.000165012160483655 -6.43314656917722 -0.00580137668947904 0.000157891879728542 0.999983159407528 317.105101175365
0.999983467331095 0.000562652967818795 0.0057226293012691 -0.738283698996299 -0.00055609798834757 0.999999187600674 -0.00114697559647952 -6.47239819076276 -0.00572327000143228 0.00114377429126924 0.999982967835383 318.708984865188
0.999980131428474 -3.94863376642673e-05 0.00630358541794002 -0.738302076526681 4.83285219909658e-05 0.999999015220779 -0.00140257685224113 -6.4979596172766 -0.00630352382767689 0.00140285362800912 0.999979148577135 320.352871802539
0.999977661913217 -0.000392642477067962 0.00667244381475276 -0.738910417347282 0.000400064470786319 0.999999302772551 -0.00111103682704856 -6.52809235554048 -0.0066720029222899 0.0011136814163151 0.999977121783648 321.954687363039
0.999976396241335 -0.000392161339071859 0.00685953130152216 -0.717310213130061 0.000400579210513089 0.999999168416205 -0.00122584794960669 -6.57012110553516 -0.00685904486707367 0.00122856680062078 0.999975721768848 323.599499736108
0.999971462622096 0.000464738207881541 0.00754042172720954 -0.725534142325669 -0.000451646490104434 0.999998388006066 -0.00173781492634772 -6.60578669521354 -0.00754121720108996 0.00173435972865944 0.999970060571544 325.21232257137
0.999962510152117 0.000918469819186447 0.00861015118734196 -0.721350909978838 -0.0008969777233227 0.999996473549345 -0.00249966394496006 -6.64393388009387 -0.00861241668996022 0.00249184711912951 0.999959807680636 326.859168561683
0.999956136273459 8.78614442435176e-05 0.00936577863409477 -0.755505139971738 -7.83267313878232e-05 0.999999478363723 -0.00101839933431506 -6.66795544740398 -0.00936586322660121 0.00101762107269784 0.999955621541963 328.4438687428
0.999955573567241 -0.00130629969517247 0.00933512040176907 -0.71998483573157 0.00130807757133288 0.99999912747422 -0.000184347137074518 -6.71027708733601 -0.00933487144402689 0.000196550008812074 0.999956409821557 330.110636905963
0.999953043680312 -0.00217150654536898 0.00944431012854093 -0.728620250291186 0.00217731562894407 0.999997446723413 -0.000604849822319839 -6.74744635648934 -0.00944297257925686 0.000625384664845686 0.999955218578756 331.685447296261
0.999955743096046 -0.00147451915657605 0.00929180512559981 -0.719950589098116 0.00148287199647502 0.999998502603681 -0.000892121649448458 -6.78943780285865 -0.00929047576162291 0.000905860724523757 0.999956432289162 333.337251205909
0.999956083100212 0.000287924176968156 0.00936744204951481 -0.718910331558261 -0.000260957426830445 0.999995819118886 -0.0028798690890773 -6.80461870840021 -0.0093682320692905 0.00287729811058188 0.999951977538661 334.935337994797
0.999959461109832 0.00185623063243469 0.00881081975601756 -0.713209701233582 -0.0018080824277208 0.999983407613109 -0.00546949142151262 -6.86099423120439 -0.00882082620100779 0.00545333900602594 0.999946225613566 336.529214983116
0.999967999310732 0.00323612865791947 0.00731627130456733 -0.703538153298347 -0.00319828316930036 0.999981476478859 -0.00517857933504167 -6.90055444130536 -0.00733289433045458 0.00515501410955808 0.999959826438177 338.159003579224
0.999967856928801 0.00398910312590992 0.00695501009867013 -0.71164841099188 -0.00397721331408112 0.999990607295727 -0.00172252563886855 -6.94598368332796 -0.00696181610472753 0.0016948087128403 0.999974330040502 339.735475356768
0.99996971318648 0.00486610811867339 0.00607401856489374 -0.71470695208828 -0.00487059490598909 0.999987876410346 0.000724111585616414 -6.96969805343185 -0.00607042132071951 -0.000753673738464907 0.999981290805425 341.362175109627
0.999973687546267 0.00560845102018586 0.0046010316532403 -0.715855688265653 -0.00561011429615164 0.999984202397226 0.000348674013838084 -7.00259401823594 -0.00459900344684127 -0.000374477152824117 0.999989354410415 342.974035670195
0.999980569450143 0.00563435152331981 0.00266735919585782 -0.6993769932143 -0.00563162585722756 0.999983613591459 -0.0010282697949285 -7.05014268521072 -0.00267310912090575 0.00101322824606307 0.999995913919727 344.557911566265
0.999991634842757 0.00395944660463065 0.00102617108473149 -0.729154997506385 -0.00395923655136311 0.99999214084063 -0.000206646810771451 -7.07531928075292 -0.00102698122690266 0.000202582228071765 0.99999945213485 346.140678095782
0.999997528049424 0.00222289108044719 5.14809216729515e-05 -0.724635856018063 -0.00222290107955691 0.99999751034105 0.000194993571701152 -7.11402355280759 -5.1047344031735e-05 -0.000195107526683044 0.999999979663611 347.745447753881
0.99999723895702 0.00233640823310133 -0.000251545035485946 -0.720496658052452 -0.00233644921420986 0.999997257255453 -0.000162747170464073 -7.14969618218118 0.000251164101733185 0.00016333444331264 0.999999955119226 349.361289714758
0.99999875486955 0.00156324203506171 -0.000215716687999656 -0.756620830359084 -0.00156343152909864 0.999998389684505 -0.000881084701245333 -7.19012453002452 0.000214338991986294 0.000881420862451314 0.999999588577945 350.933050363992
0.999998778468113 0.00154561374824486 -0.000232680945000084 -0.753610892282401 -0.00154585940645251 0.99999824407705 -0.00105932125101567 -7.21354372763059 0.000231043234940895 0.00105967964904851 0.99999941184886 352.526953958125
0.999999400704849 0.000833650414562141 -0.000709659728070421 -0.752960404795455 -0.000834581241299236 0.999998790581292 -0.00131236812823436 -7.25590039843781 0.000708564813560509 0.00131295961043526 0.999998887035864 354.122738582206
0.999999883868261 -9.81051751091181e-05 -0.000471846202772706 -0.767218950128024 9.72803980723533e-05 0.999998468067464 -0.00174768396725689 -7.28948508710518 0.0004720169367778 0.00174763786290888 0.999998361479613 355.698561777923
0.999999968653167 2.05372511517646e-05 -0.000249543355359251 -0.780977237170222 -2.11481702249604e-05 0.999997002460029 -0.0024483920664575 -7.33069443140727 0.000249492324100282 0.00244839726709352 0.999996971547616 357.309357055937
0.999999898365086 -0.000203189337450558 -0.000402472248631809 -0.786451526047951 0.00020233824850783 0.99999774594726 -0.00211356562040552 -7.36380153042254 0.000402900795436202 0.0021134839700636 0.99999768542555 358.895144205606
0.999999943594072 -0.000329428802480118 -6.54867731388904e-05 -0.802926298103873 0.00032923827256445 0.999995774171614 -0.00288846690723651 -7.39784393274715 6.64380405972799e-05 0.00288844518355779 0.999995826226494 360.496985543547
0.999999143969637 -0.00127139013031005 -0.000309236365817744 -0.803423121232465 0.00127012173626387 0.999990919529515 -0.00406788019600948 -7.45671683953543 0.000314405420538542 0.00406748394595065 0.999991678327165 362.070727989488
0.999994379373496 -0.00333694935814401 -0.000325561664539811 -0.816348173648092 0.00333594684919419 0.999989836908151 -0.00303274447150076 -7.47719595885352 0.000335678470544301 0.00303164136916776 0.999995348224467 363.652530574864
0.999986663713163 -0.00514452395572924 -0.000454168564904066 -0.840349547396131 0.00514353486942323 0.999984454748481 -0.0021527448597202 -7.51951155166728 0.000465236352240896 0.00215038011824708 0.999997579707313 365.262183445225
0.999982949381246 -0.00579644342698892 -0.000708653922262134 -0.831335581923412 0.00579449539589698 0.999979510483096 -0.00272074201193001 -7.55304480197127 0.000724410029437199 0.00271658932970541 0.999996047678451 366.834062370367
0.999989310067602 -0.00461245657189253 0.000324029156450671 -0.828655752917279 0.00461352978564249 0.999983600182066 -0.00339333314471119 -7.58892300938293 -0.000308372240667556 0.00339479178837397 0.99999419013076 368.420915828397
0.999997295227521 -0.00232504714960304 -6.07733055934622e-05 -0.846452409514393 0.00232488380994611 0.999994015036781 -0.0025621877151495 -7.63001660865541 6.67301491113197e-05 0.00256203949414043 0.999996715744966 370.020592576672
0.999998828545785 -0.00124409203601813 0.000891707386891342 -0.847871930220516 0.00124575069367905 0.999997490608724 -0.00186195635375704 -7.6668514615058 -0.000889388704177482 0.0018630650176562 0.999997868985966 371.65633074622
0.99999850505835 -0.0014785907139587 0.000896465596465812 -0.874239318905623 0.00148061282496439 0.999996351902568 -0.00225919614415591 -7.69744395988847 -0.000893121899632212 0.00226052008524876 0.999997046186746 373.24514940904
0.999998448000979 -0.000894571249471027 0.00151780694207268 -0.879963898425722 0.00089867486815521 0.999995937331458 -0.00270512551651272 -7.73894033540471 -0.00151538084821289 0.00270648533311411 0.999995189267442 374.816935251037
0.999997790683865 -0.000758689811235901 0.0019603614867606 -0.882612381224543 0.000764905886604973 0.999994676398025 -0.00317208048348702 -7.76859637460225 -0.00195794442543308 0.00317357296739952 0.999993047419955 376.431807049794
0.999997976577084 -0.000549598247958894 0.00193514431093673 -0.897672192630163 0.000555584538795078 0.999995058359574 -0.00309428218700541 -7.81325967761461 -0.00193343413608071 0.00309535106222341 0.999993340294946 378.041520544389
0.999996237999899 0.000470768898291356 0.00270228841808853 -0.900146195131266 -0.000462751768836284 0.999995492409345 -0.00296665161280506 -7.84700078164699 -0.00270367284458989 0.00296538996351601 0.999991948275342 379.659319550077
0.99999636956774 0.00106749108688182 0.00247412896194606 -0.911503471180891 -0.00106033400296603 0.999995255199111 -0.00289227783352144 -7.87498911560677 -0.00247720470350483 0.00288964393023661 0.999992756681174 381.257149143468
0.999994302730796 0.00205622423471097 0.00267702219754046 -0.90729811777906 -0.00204735531723204 0.999992421075215 -0.00331151450767065 -7.92314252921491 -0.00268381112497485 0.00330601482545054 0.99999093367081 382.850910774508
0.999985055560868 0.0037336309175179 0.00399357673022334 -0.902835417889436 -0.00371794868738854 0.999985377243388 -0.00392710541714029 -7.95931363740647 -0.00400818069532459 0.0039121988153903 0.999984314470953 384.444757189828
0.999983142713342 0.00452342347676054 0.00364045727869275 -0.906152803166351 -0.00450969358847723 0.999982721390297 -0.00377088644672201 -7.99576773197312 -0.00365745169293359 0.00375440553295937 0.99998626364876 386.060542094226
0.999971004274794 0.00571955932053835 0.00502764863922498 -0.916389681001041 -0.00570427003071365 0.999979078757812 -0.00305013935652149 -8.03361516834419 -0.0050449889075557 0.00302137185006118 0.999982709550053 387.673250338151
0.999967183635068 0.00675124795890752 0.00447797989584153 -0.920343898435328 -0.00673963554440866 0.99997389981695 -0.00260326671892234 -8.06592320068587 -0.00449543831886916 0.00257300133669852 0.999986585259244 389.302040970914
0.999957939644592 0.00785325693551853 0.00473764680479242 -0.934733982286607 -0.00783985286010119 0.999965231436161 -0.00284123669503041 -8.10324740658375 -0.00475979504539774 0.00280397473775252 0.999984740921978 390.912824310008
0.999955004594951 0.00801079378058697 0.00508094169583314 -0.944603686535847 -0.0079971066530972 0.999964354690293 -0.00270843755771254 -8.13864334625829 -0.00510245731883522 0.00266768285782784 0.999983424061359 392.539601004521
