1556456283.83376 0 0 0 0 0 0 1
1556456284.83461 0.0113362 0.00454411 0.00302352 6.35166559004616e-05 -9.73018005884696e-07 0.000660255291644506 0.999999780013795
1556456285.8355 0.00983472 -0.00154927 0.00356113 7.43091763812508e-05 1.51582254503431e-05 0.000615974140494428 0.999999807412098
1556456286.83643 0.00714316 0.0023829 0.00571502 9.41953931692603e-05 9.91061905742229e-06 0.000719424230445276 0.999999736728857
1556456287.83715 0.00480375 -0.00306635 0.00370069 7.74391256823324e-05 2.66210500844493e-05 0.000672063156528248 0.999999770812781
1556456288.83803 0.00699591 -0.000695142 0.00617463 0.00010951857737974 1.27484292154045e-05 0.000622968867711437 0.999999799876454
1556456289.83888 0.00742119 -0.00178628 0.00423943 7.94013439700594e-05 7.66345320465712e-06 0.000675069607186736 0.999999768958835
1556456290.83976 0.008708 -0.000512484 0.00425714 8.87927273585845e-05 6.684336768939e-06 0.000641779654240892 0.999999790095001
1556456291.84061 0.00868866 0.000699947 0.00536228 0.000104146410444714 -1.98294586947577e-06 0.000699300396646551 0.999999750064243
1556456292.74147 0.00651221 -0.000626432 0.00413335 8.96548194713918e-05 1.07319977761208e-05 0.000670854258387007 0.999999770900674
1556456293.84237 0.00121506 -0.00173088 0.00418514 8.40502071773197e-05 5.21562334448189e-06 0.000634409815248843 0.999999795216252
1556456294.84328 0.00435736 0.00285246 0.00310374 8.31515272926236e-05 9.0338695554315e-06 0.000718774412973405 0.999999738183744
1556456295.84414 0.00667433 -0.00411411 0.00578144 9.91558357279339e-05 1.54892342991057e-05 0.000625088725722203 0.999999799596124
1556456296.845 0.00720928 -0.00127412 0.00468042 8.03264028757141e-05 -1.02838850747592e-05 0.000717915991161265 0.999999739019236
1556456297.84583 0.0064823 -0.00283445 0.000395172 4.56585041821109e-05 -4.8536449327329e-06 0.00072979536910553 0.999999732645195
1556456298.84671 0.0107815 0.000495249 0.00435206 0.000103022464189282 5.80827919759508e-06 0.000611789673145361 0.999999807532997
1556456299.84761 0.0100964 0.000220686 0.00633204 9.73456883371998e-05 1.32986011380286e-05 0.000664108933169528 0.999999774653119
1556456300.84843 0.015545 -0.000301756 0.0053264 9.57916510455375e-05 4.39252213968938e-06 0.000652939817597666 0.999999782237106
1556456301.84928 0.00972684 -0.00113547 0.00503598 9.49618410648278e-05 8.22589724123847e-06 0.000568079514446186 0.999999834100111
1556456302.85016 0.0109159 -0.00123904 0.00432723 8.41287359236238e-05 5.91531620071398e-06 0.000639079752137663 0.999999792232196
1556456303.85101 0.0108689 0.000343605 0.00539852 8.68070544749356e-05 1.46408069271598e-05 0.000577769019531614 0.999999829216557
1556456304.8519 0.0140049 -0.000195111 0.00453385 8.33135246030351e-05 -9.12365822692706e-07 0.00056154537389519 0.999999838862396
1556456305.7527 0.0111597 0.00316021 0.00525109 9.99032036681081e-05 1.32299382406088e-05 0.000628463937388629 0.999999797438679
1556456306.85366 0.0144644 0.000651849 0.00465236 8.10792845016818e-05 1.21788707541811e-05 0.000634789265591131 0.999999795160186
1556456307.8545 0.00734427 0.00065838 0.00476162 8.78233510924563e-05 8.33815025287201e-06 0.000619409532978056 0.999999804274663
1556456308.85535 0.0122912 -0.000686976 0.00516572 9.6427274921444e-05 4.02424387515629e-06 0.000682409820838904 0.999999762501183
1556456309.85622 -0.00902699 0.0102268 0.00408592 0.000106638534040324 2.85211930064714e-05 0.000437366334998465 0.999999898262722
1556456310.75701 -0.428511 0.0292034 0.00278662 0.000156913137848017 0.000403353465928927 -2.27638861858858e-05 0.999999906083023
1556456311.75786 -1.69443 0.0724654 -0.00047591 0.000581505959732266 0.00100213313977774 0.000219160382986657 0.999999304774116
1556456312.85883 -3.68325 0.156743 -0.0463553 0.000331385155036992 0.00122182700025061 0.00788519389555514 0.999968110011459
1556456313.75966 -6.17425 0.208874 -0.0714147 -0.000914209046538156 0.000533005691612329 0.0224000681789848 0.999748526916809
1556456314.76046 -8.54395 0.144236 -0.11682 -0.00217531950716387 0.00184376015493491 0.0623274308721224 0.998051681975645
1556456315.76132 -10.759 -0.352352 -0.0919837 -0.00243040430028436 0.000771511658194828 0.166288171931716 0.986073902798521
1556456316.76218 -12.7668 -1.54381 -0.0957597 -0.00331935789743494 0.000864342406137647 0.338814334945758 0.940847002020316
1556456317.76306 -14.0983 -3.57917 -0.0615838 -0.0126083137679722 -0.00112759127086488 0.524310288933796 0.851433191671556
1556456318.76391 -14.6921 -6.03761 -0.06011 -0.0102564035788437 0.00223221356760342 0.64015897670889 0.768170754420685
1556456319.76473 -15.0388 -8.8841 -0.0580926 -0.00929620835624369 0.00661933181448742 0.680711614167337 0.732462601976528
1556456320.76564 -15.2702 -12.2289 -0.00852458 -0.00963915173973801 0.00747566029683033 0.69973342461441 0.71429989201613
1556456321.76659 -15.4091 -15.9741 -0.0170998 -0.00720525474393529 0.008250964175338 0.712123705146608 0.701968542359641
1556456322.76735 -15.4218 -20.0175 0.066733 -0.00655744619030282 0.00986573214346154 0.720346251938196 0.69351347827373
1556456323.76825 -15.4193 -24.4966 0.160106 -0.00527030480513848 0.0105737513724619 0.718496829395216 0.695429885623415
1556456324.76909 -15.5103 -29.2919 0.213333 -0.00741520130887939 0.00936164606571047 0.717109974185177 0.696857703764996
1556456325.76995 -15.5963 -34.4772 0.218649 -0.00268336989787052 0.00726694202254597 0.71539855657331 0.698673669414024
1556456326.77083 -15.6682 -39.9746 0.296668 -0.00163758977781102 0.0108777699470523 0.713261296772099 0.700811896979269
1556456327.77173 -15.822 -45.7821 0.348795 -0.00138309213541749 0.0126195513748631 0.710177199895173 0.703908501673544
1556456328.77256 -16.043 -51.7378 0.41135 -0.00215854896739064 0.0122142816845427 0.711144894897018 0.702936050043811
1556456329.77346 -16.2337 -57.5787 0.529889 -0.00598784780467069 0.00759939531205999 0.709655171786672 0.70448274075806
1556456330.77431 -16.4198 -63.1454 0.562002 -0.0012032158555011 0.0122044370474683 0.709618355931994 0.704479519157465
1556456331.77518 -16.5667 -68.5074 0.614026 0.00205007396288386 0.00829609537539762 0.710387397864198 0.703758990673656
1556456332.77607 -16.9053 -73.7148 0.66443 -0.00156688607262737 0.0106953608005245 0.685710595278666 0.727794018694823
1556456333.77687 -17.7553 -79.2526 0.745534 -0.00182114751681759 0.0131642634811146 0.662026964977763 0.749362184281442
1556456334.77776 -18.8409 -85.2292 0.779204 -0.00300717141324994 0.0100892789841268 0.658367064182436 0.75262339331798
1556456335.77863 -19.8973 -91.6172 0.850021 -0.00530012031005964 0.00692649398989888 0.672352161507524 0.740180047908526
1556456336.77949 -20.5918 -98.3794 0.893832 -0.0063970606513693 0.00560540403162927 0.689681978370133 0.724062446044624
1556456337.78039 -21.1394 -105.534 0.928384 -0.00901593019669861 0.00372968754412081 0.699136456796998 0.714921686068377
1556456338.78123 -21.4977 -112.753 0.978854 -0.00790156694380573 0.00325844494393093 0.707472686718015 0.706689001841951
1556456339.78206 -21.7518 -119.861 1.01401 -0.00404777495395985 0.00349648308142876 0.709945597613999 0.704236209344908
1556456340.78294 -21.9698 -126.535 1.03448 -0.00130996958989342 0.00597552644010591 0.710920068127186 0.703246211363754
1556456341.7838 -22.1394 -132.089 1.06639 -0.00477986862342957 0.00448332362573347 0.713208420968382 0.700921394255445
1556456342.78464 -22.1983 -136.433 1.1155 -0.000100461282203421 0.00407203090405553 0.71412115449161 0.700010275052743
1556456343.78553 -22.2551 -139.211 1.13707 -0.000613138509830907 0.00502796742471422 0.713602916623312 0.700532098473329
1556456344.78637 -22.286 -140.288 1.13282 -0.00159257997881859 0.00580943971437259 0.713388886164887 0.70074247137992
1556456345.7873 -22.2868 -140.346 1.13902 -0.0024471321715352 0.00636448670732286 0.713457490489997 0.700665336745584
1556456346.78808 -22.2906 -140.352 1.13925 -0.00218214347051909 0.00624143994718544 0.713407068127578 0.700718658109568
1556456347.78896 -22.2888 -140.353 1.13299 -0.00233206899430445 0.00623853665957123 0.713461966793383 0.700662303862475
1556456348.78985 -22.288 -140.353 1.12991 -0.00230682137311975 0.00627873775315085 0.713462564716201 0.700661419500147
1556456349.79071 -22.2884 -140.365 1.13544 -0.00226858531943919 0.00631077580702845 0.713394438097771 0.700730621080974
1556456350.79159 -22.2944 -140.35 1.12136 -0.00219900931450235 0.00640733503945477 0.713445930077618 0.700677540150539
1556456351.79247 -22.2898 -140.355 1.13121 -0.00233976709425553 0.00629929603794324 0.713415459673772 0.700709088179846
1556456352.79333 -22.2896 -140.354 1.13512 -0.00232900316561726 0.00631006933579822 0.713420198796079 0.700704202013228
1556456353.7942 -22.2936 -140.36 1.14207 -0.00217612077837043 0.00626590455529641 0.713441544967663 0.700683355626931
1556456354.79504 -22.2854 -140.36 1.13289 -0.00224525528217071 0.00621072545433199 0.713395456781314 0.700730553038633
1556456355.79592 -22.2907 -140.362 1.14071 -0.00222721660551622 0.0062804499758657 0.71340406071161 0.700721229601671
1556456356.79681 -22.2923 -140.354 1.13161 -0.00219849693694039 0.00626896492417044 0.713467309609948 0.700657023662748
1556456357.79758 -22.289 -140.351 1.13216 -0.00249164709102234 0.0064076266378716 0.713453183951372 0.700669171810273
1556456358.79847 -22.2865 -140.357 1.13709 -0.00231171417228645 0.00631124404263468 0.7134540069931 0.700669825296987
1556456359.79937 -22.2903 -140.363 1.13732 -0.00222869475833703 0.00618271314429573 0.713434455826739 0.700691147522968
1556456360.80022 -22.2893 -140.36 1.13929 -0.00216000304504735 0.00621424955253071 0.713456015765413 0.700669130943762
1556456361.8012 -22.2888 -140.356 1.13006 -0.00242784364389468 0.00638501969192201 0.713402114779555 0.700721599300915
1556456362.80196 -22.2866 -140.356 1.13436 -0.00227414657920876 0.00623100789648631 0.713388513397842 0.700737348619258
1556456363.80278 -22.2917 -140.351 1.13277 -0.00231513742256917 0.0063568543242865 0.713477428985206 0.700645551524075
1556456364.80369 -22.2902 -140.354 1.14425 -0.00225271127952937 0.00624655312755282 0.713425279201847 0.700699847910417
1556456365.80456 -22.2867 -140.358 1.13705 -0.00244447393122242 0.00639220397445221 0.713401493580544 0.700722108422874
1556456366.80543 -22.2846 -140.352 1.14142 -0.00234818838559845 0.00626524689143573 0.713403319696951 0.700721725179165
1556456367.80629 -22.2874 -140.352 1.13373 -0.0022840946057255 0.00626328876635871 0.713428881905544 0.700695928765586
1556456368.80721 -22.2933 -140.412 1.13016 -0.00284300968851146 0.00665181123901222 0.713287565641254 0.700834159701656
1556456369.808 -22.3004 -140.802 1.13719 -0.00241140795690607 0.00640502880542698 0.713741250181278 0.700376033647164
1556456370.80886 -22.3161 -141.608 1.12755 -0.00275648079756142 0.00696922264306098 0.714635452651039 0.699456933315847
1556456371.80974 -22.3444 -142.711 1.11631 -0.00303999082153553 0.00721536733407939 0.714865573578996 0.699218069447302
1556456372.81061 -22.4155 -144.328 1.10335 -0.00351259177191814 0.00782383174379943 0.70505628304817 0.709099490262253
1556456373.81148 -22.5797 -146.378 1.12757 -0.00351949738474976 0.00765592165159974 0.686435273701654 0.727142087229145
1556456374.81234 -23.1134 -149.393 1.14963 -0.0039088762253932 0.00863761368422266 0.621533934011636 0.783329867417626
1556456375.81322 -24.7993 -152.893 1.18698 -0.00129729910165879 0.00620689690601494 0.507359236057253 0.861711318849439
1556456376.81405 -27.763 -155.887 1.14202 -0.00357122938644099 0.00452220314643611 0.349377371115558 0.936964379553328
1556456377.81494 -31.475 -157.711 1.11979 0.00362900640491014 -0.00351194356077989 0.189901368553669 0.981790184706683
1556456378.81579 -36.0515 -158.533 1.01035 0.0103534614245067 -0.00906078093768116 0.0713347743174621 0.997357537725768
1556456379.81669 -41.261 -158.789 0.902418 0.0177764672781113 -0.00764929596071673 0.0165320891218256 0.999676035279272
1556456380.81751 -46.857 -158.43 0.814687 0.0181058098817035 -0.0111509618761604 -0.0125875018098706 0.999694648628245
1556456381.71829 -52.5313 -158.003 0.676187 0.00744120199631183 -0.00774913480090667 -0.0127476573530078 0.999861028670834
1556456382.81927 -58.1245 -157.618 0.484435 0.00735127188669504 -0.00660982237984378 -0.0129965396147809 0.999866670615536
1556456383.82011 -63.6229 -157.29 0.347103 0.00766009732696368 -0.00563255494856394 -0.00779094389842911 0.999924446359256
1556456384.82092 -69.5492 -156.977 0.234996 0.0156501215731656 -0.0048142946601167 -0.00638564257477769 0.999845547987577
1556456385.72175 -76.0435 -156.609 0.142843 0.0137057363868834 -0.00740627511058623 -0.00821381847033196 0.999844904505302
1556456386.72262 -83.0327 -156.159 0.000409715 0.0105783397944327 -0.00720969424427881 -0.0114742758785621 0.999852219094982
1556456387.72349 -90.0582 -155.747 -0.17815 0.00769659980844844 -0.0078808550911469 -0.00937177560616909 0.999895406678323
1556456388.72434 -97.3943 -155.311 -0.304488 0.00611300636559269 -0.00733234020792519 -0.00390970500674983 0.999946789657834
1556456389.72516 -105.089 -155.026 -0.501305 0.00155507443702726 -0.00649462356889692 0.00338143858918335 0.999971983348164
1556456390.72602 -113.057 -154.837 -0.685844 0.0130525799461906 -0.00833172898715487 0.00991602226821113 0.999830928182965
1556456391.72689 -121.27 -154.684 -0.938992 0.00419135705530532 -0.0092250356311842 0.0156433385339869 0.999826293514603
1556456392.72776 -129.603 -154.624 -1.13926 0.00298662676656433 -0.011665648229574 0.0177042986211635 0.999770748983122
1556456393.72865 -137.994 -154.543 -1.35258 0.00795803454746057 -0.0087825435881134 0.0141112447458661 0.999830190275322
1556456394.72951 -146.211 -154.393 -1.54585 0.00850718888798142 -0.010997591354073 0.0055767838710484 0.999887783805407
1556456395.73044 -154.206 -154.112 -1.78677 0.0146713604282072 -0.00203965811101961 0.00431996034360403 0.999880957374729
1556456396.73126 -162.261 -153.849 -1.94574 0.00730248489727675 -0.0119651594249094 0.00260277024110401 0.999898361965522
1556456397.73216 -170.424 -153.484 -2.14604 0.0087120626741828 -0.00715374982182971 -0.00619348797234391 0.999917278845697
1556456398.83306 -178.676 -152.913 -2.32724 0.00711946438568222 -0.00614699834511621 -0.0187577116881101 0.999779813704214
1556456399.73385 -186.904 -152.16 -2.51484 -0.00734577702453238 -0.00986927460445578 -0.0210543005378157 0.999702632490058
1556456400.73474 -195.013 -151.536 -2.77493 -0.0103750203767463 -0.00660818658238801 -0.0134370839268545 0.999834054029876
1556456401.73561 -202.883 -151.109 -2.97339 -0.00702420326447048 -0.00857378938434645 -0.000696071972457679 0.99993833119243
1556456402.73649 -210.519 -150.816 -3.15289 -0.00114703622576073 -0.0124662173111971 0.00561768006755294 0.999905855270638
1556456403.7374 -217.832 -150.576 -3.32396 -0.011239911092159 -0.00890212308853977 0.00655845936528413 0.99987569388095
1556456404.73817 -224.93 -150.412 -3.48836 -0.0102839948631684 -0.00627858792350907 0.0092922111747299 0.999884230096077
1556456405.73906 -231.778 -150.306 -3.6473 -0.00396174325362298 -0.00990857392520297 0.014968067286882 0.99983102658142
1556456406.7399 -238.391 -150.233 -3.8061 -0.00734369609630671 -0.0108021312542002 0.0198643957746202 0.99971735499016
1556456407.84084 -245.191 -150.18 -4.01912 -0.00188801209491388 -0.0107303638474261 0.0159490659150385 0.999813443597589
1556456408.74164 -252.086 -150.131 -4.26089 0.000303835307024824 -0.00625773278359985 0.0184471040914659 0.999810208397151
1556456409.84261 -259.347 -150.202 -4.45026 0.00143703256784455 -0.00949209224976806 0.0282821588586622 0.999553877793696
1556456410.74338 -266.706 -150.417 -4.59535 0.00229376766626785 -0.0114745403418324 0.0415769862315767 0.999066778433622
1556456411.74423 -274.114 -150.941 -4.86412 0.00385132012982171 -0.00856754490842887 0.065171958171829 0.997829835380537
1556456412.74509 -281.815 -151.653 -5.06627 0.00867168272674182 -0.010958006042273 0.0674079530280808 0.997627631880166
1556456413.746 -289.643 -152.246 -5.34573 -0.00110245181299376 -0.0172384245240329 0.0533665010394865 0.998425579543479
1556456414.74678 -297.488 -152.587 -5.72067 0.00769069091569283 -0.0133397933864 0.0329947141462668 0.99933690616531
1556456415.74768 -305.086 -152.644 -5.99577 0.00918318407997694 -0.0135059547675653 0.0209863561966942 0.999646353051696
1556456416.74854 -312.518 -152.593 -6.2949 0.00971877582495912 -0.0143919014252604 0.0147481960072564 0.99974042095154
1556456417.74937 -319.708 -152.503 -6.51837 0.00952057621289291 -0.0148088108338656 0.0143541966083053 0.999741974106315
1556456418.75026 -326.403 -152.427 -6.74305 0.011002690864956 -0.0150860931959737 0.0138682415701899 0.999729474638796
1556456419.75115 -332.282 -152.322 -7.00125 0.0112010359467093 -0.0154673011026344 0.0112488180739846 0.999754351569554
1556456420.75288 -337.684 -152.194 -7.20814 0.0109278984301676 -0.0162190445613839 0.00992472601563033 0.999759482797203
1556456421.75288 -342.976 -152.064 -7.42624 0.0114448377367098 -0.0130392123974384 0.00884771316900104 0.99981033831468
1556456422.75373 -348.705 -151.937 -7.62554 0.0118810584734514 -0.0154923827674722 0.00856306476356869 0.999772724396696
1556456423.75461 -354.81 -151.768 -7.83478 0.0123063024438157 -0.0157938397662353 0.00138477802317904 0.999798575681835
1556456424.75548 -361.218 -151.473 -8.10397 0.0290398631031757 -0.00794212073756606 -0.0151124400895172 0.999432450555654
1556456425.75629 -367.93 -150.732 -8.37292 0.00992356619779968 -0.0206173321851866 -0.0336243123641889 0.999172584724741
1556456426.7572 -374.806 -150.023 -8.71469 0.0111209388286596 -0.0210310761182568 -0.0252124688116086 0.999398994382774
1556456427.75808 -381.915 -149.449 -8.98724 0.00958613630934878 -0.0208274235001017 -0.0141974632615791 0.999636312094525
1556456428.75891 -389.257 -148.943 -9.3991 0.00638823560857879 -0.0225891371899085 -0.0108303638012905 0.999665756413991
1556456429.75979 -396.719 -148.481 -9.7608 0.00652986978203009 -0.0200376416277565 -0.00654110230296912 0.999756504204544
1556456430.76066 -404.177 -148.155 -10.1499 0.0060693293459383 -0.0257716527573887 0.00329892572260254 0.999643987749899
1556456431.7615 -411.617 -147.943 -10.5887 0.002456918113221 -0.0226950270978357 0.01256857718231 0.999660407421453
1556456432.76241 -419.084 -147.923 -10.9514 0.00825655367673899 -0.0238335752592911 0.021616571196465 0.999448104636479
1556456433.76326 -426.469 -147.929 -11.3183 -0.000498264399257535 -0.0238087260650265 0.0232516192349994 0.99944597577793
1556456434.7641 -433.923 -147.965 -11.7202 0.00872630453543449 -0.0215921417844431 0.0201215979678008 0.999526263945844
1556456435.76496 -441.273 -147.917 -12.0801 0.00157259181860764 -0.017235492957464 0.0173490626427448 0.999699692289091
1556456436.76583 -448.441 -147.821 -12.3893 -0.0071341543203335 -0.0202014433045057 0.0168202199092232 0.999628974036244
1556456437.76671 -455.401 -147.701 -12.7446 -0.00952908327059626 -0.0216186317349897 0.0154035675495681 0.999602201598553
1556456438.76759 -462.137 -147.67 -13.086 -0.00586247573949064 -0.0200963048843317 0.0112871339785302 0.999717145253972
1556456439.76842 -468.607 -147.482 -13.4102 -0.00891832349745093 -0.0199776891753805 -0.000812832609278355 0.999760318648603
1556456440.76927 -474.896 -146.989 -13.7941 -0.0196155685393928 -0.0210496492070391 -0.0244505404765595 0.999286902150499
1556456441.77015 -481.133 -146.207 -14.1384 -0.0161446277787068 -0.0205328032352344 -0.0558155813517403 0.998099381756926
1556456442.771 -487.284 -144.965 -14.4764 -0.0154909583623803 -0.0306281989928356 -0.102860022514202 0.994103495318193
1556456443.77193 -493.163 -142.999 -14.8335 -0.0127962369570234 -0.0212555294629545 -0.167754219770263 0.985516605916034
1556456444.77276 -498.845 -140.189 -15.2026 -0.00953828043490699 -0.02605311310321 -0.237157345643894 0.971074997057961
1556456445.77362 -504.177 -136.446 -15.5889 -0.0122494843598308 -0.0218154504146887 -0.302690282673011 0.952760530790112
1556456446.77449 -509.292 -132.033 -16.0007 -0.00625509243573087 -0.0203105474088838 -0.350287244260254 0.936401197132473
1556456447.77535 -514.045 -127.07 -16.332 -0.00228240789246963 -0.0212122246192359 -0.382391823208635 0.923753931349735
1556456448.77621 -518.589 -121.86 -16.6498 -0.00320595757805286 -0.025035445183091 -0.400910291447826 0.915769559731984
1556456449.7771 -522.835 -116.76 -16.9447 -0.000586538119659598 -0.0199883733491739 -0.406156318830963 0.913584788389982
1556456450.77794 -526.941 -111.79 -17.2661 -0.00198701779849164 -0.0221711416233275 -0.405564479698853 0.913795351840874
1556456451.77881 -530.472 -107.592 -17.5443 -0.00538511297006052 -0.0239349282090639 -0.398832614957496 0.916695513797298
1556456452.77967 -533.364 -104.353 -17.7881 -0.00409064203838513 -0.021185938581039 -0.385768180284595 0.922343392524751
1556456453.78048 -536.017 -101.53 -17.9442 -0.00360913529394435 -0.0253766796897568 -0.378187769237676 0.925373983570634
1556456454.78142 -538.686 -98.7111 -18.1715 -0.00481078104307873 -0.0242408501601078 -0.371333231305429 0.928170711075037
1556456455.78228 -541.147 -96.2368 -18.3774 0.00278120755880843 -0.027456870913841 -0.369237760751474 0.928925110630223
1556456456.78311 -543.229 -94.0574 -18.5232 0.0079647557668177 -0.0273751619668236 -0.385348102925564 0.922330744768131
1556456457.78401 -545.544 -91.3992 -18.6438 0.0113503353738226 -0.0305537704924587 -0.398801995218068 0.916457639831588
1556456458.78484 -548.209 -88.2804 -18.859 0.0201329184377036 -0.0321321361653218 -0.413651089071715 0.909645517732275
1556456459.7857 -550.846 -84.6695 -19.071 0.0187626884582186 -0.0233534688447878 -0.439033241168903 0.897971263551046
1556456460.78658 -553.255 -80.6346 -19.2717 0.0225317042685137 -0.0243796418498141 -0.507064280217421 0.861268698545129
1556456461.78746 -554.69 -76.1938 -19.3017 0.0155918599919097 -0.0209054551581191 -0.607799309564142 0.793662305480093
1556456462.78832 -554.889 -71.7719 -19.3562 0.0281059782786251 -0.0237023329194618 -0.713550944065783 0.699637980402727
1556456463.78923 -554.005 -67.2649 -19.3584 0.0281922430031409 -0.0408670871213727 -0.783958112329511 0.618825303892315
1556456464.79 -552.075 -63.0475 -19.326 0.0312639644115375 -0.0353633768575275 -0.848254091960222 0.527481745256882
1556456465.79093 -549.12 -59.2466 -19.1734 0.0380180228258231 -0.037241646109651 -0.908615086014444 0.414229785508506
1556456466.79178 -545.121 -55.9545 -18.9375 0.0352405747679583 -0.0271580286736945 -0.940490276080432 0.33689550897383
1556456467.79268 -540.444 -52.5126 -18.764 0.0367737292019163 -0.0221584084918613 -0.942807126903849 0.330562277389604
1556456468.79352 -535.482 -48.7336 -18.4435 0.0334960043484955 -0.0256328015922796 -0.939102008009719 0.341040167322458
1556456469.79438 -530.168 -44.5568 -18.2287 0.0301404947113016 -0.0223436516100314 -0.936103504406049 0.349717801734487
1556456470.79521 -524.554 -40.0743 -17.9926 0.0344511545684986 -0.0217597325943098 -0.936869530303106 0.347296868940621
1556456471.79613 -518.532 -35.3788 -17.6616 0.0303022516185315 -0.0207990086762056 -0.938593494191792 0.343061842013619
1556456472.79696 -512.302 -30.5424 -17.3686 0.030895890134927 -0.0198643282260108 -0.939029463111488 0.341869156031148
1556456473.79784 -505.775 -25.525 -17.088 0.0279507166450063 -0.0210847406196587 -0.939564245698388 0.340577772846748
1556456474.79868 -498.89 -20.3012 -16.8271 0.0279448278813047 -0.013804201237578 -0.939074788988628 0.342296759126988
1556456475.79957 -491.757 -14.7201 -16.4888 0.0304487958098136 -0.0192861865304934 -0.93830802100738 0.343917099830843
1556456476.80042 -484.372 -8.95634 -16.1474 0.0291261233931495 -0.0240480818398003 -0.938698067807598 0.342664991194307
1556456477.80131 -476.8 -3.08195 -15.8834 0.0296972811633234 -0.0210781308465128 -0.937453352862066 0.346200801702125
1556456478.80211 -469.107 2.9782 -15.5851 0.0276643829836487 -0.0224987256636128 -0.936926227311416 0.347703514267033
1556456479.80299 -461.305 9.14018 -15.2885 0.0293262496152643 -0.0248907557430047 -0.936738157879602 0.347910972713387
1556456480.80386 -453.325 15.4537 -14.9898 0.0298291934476549 -0.0257976580027211 -0.936845228860577 0.347513621633756
1556456481.80472 -445.337 21.7705 -14.6597 0.0279235421631445 -0.0275502756579443 -0.937198240246074 0.346584357096358
1556456482.70551 -437.445 27.9494 -14.3676 0.0275850878338458 -0.0285758943720325 -0.937826425613416 0.344824704177646
1556456483.80651 -429.864 33.9063 -14.0901 0.0300505503803811 -0.0275820695997166 -0.937339216672705 0.346022234467428
1556456484.80735 -422.646 39.5252 -13.8492 0.0265499840019718 -0.0287368230801804 -0.938056358277176 0.344266701910766
1556456485.8082 -415.766 44.8662 -13.5764 0.0284016519217724 -0.0235524683181355 -0.938162456977944 0.344223520000225
1556456486.70902 -409.27 49.9462 -13.3065 0.0275298769238098 -0.0286925893154393 -0.938475475640139 0.34304900935136
1556456487.80991 -403.117 54.6232 -13.1477 0.0273687740665637 -0.0290686724154801 -0.939818879713453 0.339332338311935
1556456488.81076 -397.548 58.8264 -12.9501 0.0282760801302063 -0.0291710253961735 -0.94134173657142 0.335000372475181
1556456489.81167 -392.696 62.4248 -12.7682 0.0273276045886535 -0.0294531885290153 -0.942783303082322 0.330976366440427
1556456490.81252 -388.601 65.4013 -12.6067 0.0256381687212309 -0.0289883523039836 -0.943762743831373 0.32835079273728
1556456491.81341 -385.528 67.6311 -12.5336 0.026763380424036 -0.0274272736300132 -0.94310484029787 0.330279769795596
1556456492.81426 -383.606 69.04 -12.4691 0.0264335025068377 -0.0254587590081075 -0.942753573135694 0.331464661577778
1556456493.81513 -382.538 69.826 -12.4001 0.0241293874654554 -0.0254414201538463 -0.942385222635235 0.332686938366742
1556456494.81602 -382.035 70.2062 -12.3796 0.0239764971166839 -0.0244329091864401 -0.94217662813615 0.333363708175763
1556456495.81685 -381.995 70.2351 -12.391 0.0248686698756717 -0.024735968967548 -0.942158429311238 0.33332742937783
1556456496.81771 -382.002 70.2303 -12.3897 0.0250826818739956 -0.0249716189587803 -0.942132046846607 0.333368390254997
1556456497.81855 -381.994 70.237 -12.3909 0.0248926158011846 -0.0247233242604312 -0.942144219197622 0.333366742715274
1556456498.81943 -382.004 70.2283 -12.3939 0.0245647346236005 -0.0240533617107838 -0.942159693371692 0.333396343394826
1556456499.82034 -381.999 70.2287 -12.387 0.0249345860802135 -0.0248602387371567 -0.942126565775124 0.333403312832537
1556456500.82116 -382 70.2325 -12.388 0.0246920850654286 -0.0242492072595341 -0.942146687154073 0.333409503114431
1556456501.82203 -382.009 70.232 -12.3943 0.0246213217357324 -0.0239297376015246 -0.942143247782949 0.333447535350471
1556456502.82292 -382.008 70.229 -12.3851 0.0247185257694434 -0.024695310973177 -0.942136287241595 0.333404187679677
1556456503.82377 -382.001 70.2245 -12.3914 0.0246354851352728 -0.0245775868568261 -0.942124602895387 0.333452047100709
1556456504.8246 -382 70.2378 -12.3831 0.0245673596653502 -0.0244227820594648 -0.942131156711108 0.333449930438949
1556456505.8255 -382.005 70.2302 -12.3874 0.0245747051815541 -0.0241308030467039 -0.94215184596611 0.33341218836781
1556456506.82636 -382.001 70.2288 -12.3855 0.0248165637169256 -0.0246839262912724 -0.942147709321995 0.333365468768811
1556456507.82721 -382.001 70.2404 -12.4016 0.0248715363405312 -0.0243697250599205 -0.942174134344771 0.333309801464415
1556456508.82806 -381.787 70.402 -12.4059 0.0270143931252852 -0.0241483228882965 -0.941993245730631 0.333670205537783
1556456509.82897 -380.558 71.3192 -12.376 0.0288963338575993 -0.0234474101916168 -0.941207146317859 0.335774222603655
1556456510.82978 -378.701 72.7381 -12.3237 0.0269796886216091 -0.024240476254935 -0.94021872782569 0.338634374449281
1556456511.8307 -377.322 73.7896 -12.2736 0.0258619748975368 -0.0254837318098623 -0.939366554374745 0.340987117336654
1556456512.83152 -376.539 74.396 -12.2655 0.0270107698084242 -0.025173580003346 -0.938853001475968 0.342332807080679
1556456513.83235 -375.473 75.2044 -12.2232 0.0277401350106966 -0.0227766763747556 -0.938303623038594 0.343944790505041
1556456514.73318 -373.611 76.7154 -12.1305 0.0288764905648298 -0.0243876355030815 -0.9373226823364 0.346406669544516
1556456515.83408 -370.942 78.8238 -12.0569 0.0292884651899115 -0.0267696496790109 -0.937052781278734 0.346926010498884
1556456516.7349 -367.557 81.4422 -11.9016 0.0303481134026329 -0.0232172631530451 -0.93856546626556 0.342979323339315
1556456517.73576 -363.507 84.5565 -11.6765 0.030654475538036 -0.028044879834983 -0.943194820114534 0.329632096667846
1556456518.73663 -358.668 87.9768 -11.5558 0.0285309593727948 -0.0354117210339867 -0.946617295975871 0.319135847767074
1556456519.73749 -353.175 91.7001 -11.3919 0.0287961319258951 -0.0332312384593784 -0.950987788389326 0.30608608905166
1556456520.73837 -347.143 95.5887 -11.1858 0.029521115233479 -0.0366255092114372 -0.954271554235969 0.295216660448633
1556456521.73924 -340.525 99.6323 -10.9767 0.0296361059545518 -0.0372916686870404 -0.957076878987599 0.285893127545491
1556456522.74013 -333.368 103.907 -10.7381 0.0307228036829178 -0.0337154489792105 -0.957796963955843 0.283803371493294
1556456523.74098 -325.688 108.416 -10.4723 0.0288833029596174 -0.0356631195055236 -0.958533238304074 0.281261315832063
1556456524.74183 -317.737 113.012 -10.2476 0.0265835221964457 -0.0339916396658435 -0.959697627069685 0.27770190740662
1556456525.74268 -309.391 117.799 -9.95403 0.0284510623684043 -0.0324262202636268 -0.960014327245188 0.2766072464226
1556456526.74355 -300.69 122.752 -9.65877 0.0273998981397812 -0.0300093125328895 -0.960828865333975 0.274147001231565
1556456527.74444 -291.761 127.762 -9.41541 0.0261589516462971 -0.0388872080282086 -0.962087339489683 0.268684658092347
1556456528.7453 -282.776 132.765 -9.15572 0.0269051418852227 -0.0388267741382281 -0.961176136712332 0.271862151034142
1556456529.74616 -273.897 137.865 -8.85775 0.027945298776406 -0.0397971901312335 -0.958424796627294 0.281171038949403
1556456530.74702 -264.895 143.008 -8.62816 0.0249569167435124 -0.0292783591053753 -0.959783989941894 0.278091033019716
1556456531.74784 -255.852 148.146 -8.36517 0.0262081367322435 -0.0341032727887374 -0.961370505883609 0.271876535896747
1556456532.74877 -246.59 153.297 -8.13085 0.0252095949129477 -0.0362310076423249 -0.961421967686775 0.271513518003868
1556456533.74962 -237.226 158.469 -7.9155 0.0224934779673843 -0.0327430061613912 -0.962151993322072 0.269602449437705
1556456534.75053 -227.765 163.673 -7.68007 0.0243928777250858 -0.0314618568585228 -0.96245137333889 0.268519073880026
1556456535.75131 -218.095 168.94 -7.44769 0.0227575839384093 -0.0285071037792151 -0.962360908680238 0.269315649102597
1556456536.7522 -208.298 174.333 -7.19901 0.0228797124090544 -0.0317626712325336 -0.962628072018938 0.267982921913611
1556456537.75305 -198.31 179.718 -6.98186 0.0240268413685087 -0.0318104100547484 -0.963287666280422 0.265495161345775
1556456538.75394 -188.117 185.207 -6.73454 0.0229747054681446 -0.0311014589067232 -0.963541746942586 0.264749247518015
1556456539.75479 -177.849 190.747 -6.50452 0.0209165148787109 -0.0318192042738666 -0.963091930149265 0.266465704596427
1556456540.75566 -167.509 196.462 -6.30623 0.0216173631335517 -0.0331484501421326 -0.961546885688397 0.27177464283349
1556456541.75653 -157.04 202.328 -6.11437 0.0193110599142345 -0.0331387496000469 -0.961110333635121 0.273488268157375
1556456542.7574 -146.575 208.193 -5.91588 0.0192750169743166 -0.0325848661176222 -0.961136210825408 0.273466422913151
1556456543.75825 -135.966 214.119 -5.71572 0.0192133331013827 -0.0350879285625553 -0.961562448331774 0.271656663931753
1556456544.75912 -125.305 220 -5.5485 0.0213920434262301 -0.0395898474773358 -0.96313995333833 0.265210208585965
1556456545.76 -114.522 225.741 -5.3999 0.0235118746249098 -0.0395697759316184 -0.964222887446875 0.261066366864739
1556456546.76089 -103.701 231.474 -5.20999 0.0223739329617909 -0.0352979854464642 -0.964298808315719 0.261498121653153
1556456547.7617 -93.0444 237.122 -5.05121 0.015856567223677 -0.036875835103045 -0.964115507241475 0.262431001899257
1556456548.76257 -82.7067 242.604 -4.94538 0.018810492575207 -0.0367525884990433 -0.965255044814465 0.258027345581672
1556456549.76345 -72.7679 247.634 -4.78582 0.0165239050151018 -0.0372050858698752 -0.968447128486081 0.245871717518569
1556456550.7643 -63.3758 251.994 -4.61234 0.0162788880041394 -0.0350919080247425 -0.97352810523607 0.225270024885687
1556456551.76515 -54.707 255.567 -4.4261 0.0171881389513513 -0.0359474507605043 -0.978003962962422 0.204745200415071
1556456552.76601 -47.178 258.285 -4.25154 0.0174764171188996 -0.0337543273812508 -0.982179979797728 0.184058978352756
1556456553.76689 -41.1321 260.268 -4.1292 0.0206336276287424 -0.0335624956957648 -0.983375842006607 0.17725621470444
1556456554.76775 -36.6046 261.732 -4.0087 0.0208069165042625 -0.0338560353823966 -0.984016081047293 0.173589150968882
1556456555.76866 -33.5439 262.719 -3.93069 0.020189702342171 -0.0358132385881964 -0.984399482755248 0.171077310629898
1556456556.76948 -31.6388 263.294 -3.90229 0.01970061588707 -0.0359435689060218 -0.984664468776437 0.169575439015163
1556456557.77036 -30.5995 263.617 -3.88431 0.0200975709815705 -0.036158045749914 -0.984811915123842 0.168624361224288
1556456558.77127 -30.2779 263.717 -3.88096 0.0204361254507996 -0.0359458090115524 -0.984861655603004 0.168338299011171
1556456559.77211 -30.2766 263.72 -3.8763 0.0208293609297212 -0.0358947393706497 -0.98484814522954 0.168380035178485
1556456560.77295 -30.2762 263.718 -3.87781 0.0207803223450837 -0.0358142771655116 -0.984850438089183 0.168389816645458
1556456561.77384 -30.2793 263.722 -3.87645 0.0207854268543647 -0.035772363773197 -0.984857659987068 0.168355854027583
1556456562.77467 -30.281 263.722 -3.88321 0.0208942195389976 -0.0359263144008916 -0.984839531279757 0.168415644024219
1556456563.77549 -30.2794 263.719 -3.88287 0.0208849506653745 -0.0358816603495009 -0.984859424349893 0.168309950850996
1556456564.67631 -30.2724 263.721 -3.88741 0.02088166070717 -0.0359618823627969 -0.984864357286159 0.168264366430792
1556456565.67724 -30.2744 263.721 -3.88864 0.0208841949443298 -0.0359172196120995 -0.984848863466845 0.168364247585191
1556456566.67806 -30.2786 263.721 -3.89084 0.0209021226418942 -0.0359573862319846 -0.984841590177428 0.168395991345463
1556456567.67894 -30.2787 263.721 -3.8813 0.0207920254102855 -0.0359726714613755 -0.984851863397671 0.168346267405625
1556456568.6798 -30.2752 263.72 -3.88636 0.0209249941443694 -0.0359941676251751 -0.984834174755151 0.168428657749713
1556456569.68066 -30.284 263.718 -3.88894 0.0208419664966354 -0.035903808489745 -0.984848089181143 0.168376869565674
1556456570.68151 -30.2876 263.716 -3.89216 0.0209278666693785 -0.0360136375354316 -0.984830881391961 0.16844339513578
1556456571.68236 -30.281 263.718 -3.88982 0.0207584779171923 -0.0359528159026575 -0.984842332816855 0.168410391945052
1556456572.68325 -30.2826 263.719 -3.88539 0.0208051057294547 -0.0359349031870243 -0.984844466915512 0.168395980636195
1556456573.68411 -30.2805 263.722 -3.88215 0.0207620162230965 -0.0358879281127981 -0.984849567296368 0.168381486791985
1556456574.68495 -30.2787 263.718 -3.88748 0.0209355049794067 -0.036089198473681 -0.984831042514329 0.16842533088857
1556456575.68584 -30.2785 263.717 -3.87991 0.0208279942403003 -0.0360772998121575 -0.984828447965314 0.168456377654335
1556456576.68672 -30.2817 263.72 -3.88329 0.0207224838212 -0.0359406329669451 -0.984849909305783 0.168373114559917
1556456577.68757 -30.278 263.721 -3.88871 0.0209379242213671 -0.0359693679978367 -0.984835350137368 0.168425476145816
1556456578.68843 -30.2828 263.723 -3.8867 0.0209027050122486 -0.0360508166360302 -0.984834198060575 0.168419173117051
1556456579.68932 -30.2784 263.717 -3.89022 0.0209201735522424 -0.0360204257811838 -0.98483542491643 0.168416332624725
1556456580.69018 -30.2794 263.718 -3.89049 0.020802627202649 -0.0359602035201766 -0.984842382324522 0.168403077292595
1556456581.69103 -30.2807 263.716 -3.88682 0.0207663459844037 -0.0359680054620336 -0.984836957038944 0.168437613102928
1556456582.69189 -30.2795 263.713 -3.88844 0.0208563550527477 -0.0359500463994316 -0.984838336659856 0.168422258810525
1556456583.69278 -30.2828 263.721 -3.88487 0.0209226514239374 -0.0360283801052972 -0.984838131777945 0.168398493700236
1556456584.69356 -30.2777 263.717 -3.88938 0.0208987633899137 -0.0360450784253349 -0.984836689948475 0.168406318591123
1556456585.69446 -30.2842 263.72 -3.88821 0.0207351414836073 -0.0360260635607811 -0.984830914599801 0.168464376948034
1556456586.69533 -30.289 263.717 -3.89054 0.0208314749532961 -0.0358981900191628 -0.984850585480152 0.168364764377881
1556456587.69623 -30.2874 263.722 -3.8984 0.0209200746824048 -0.0358737277479646 -0.984846541668747 0.168382646065017
1556456588.69706 -30.2851 263.723 -3.88102 0.0207820740600013 -0.0359626122688797 -0.984835111715098 0.168447613962542
1556456589.69791 -30.2842 263.722 -3.88801 0.0207601967521869 -0.0358595692588638 -0.984840635099448 0.168439986286792
1556456590.69877 -30.2775 263.725 -3.87992 0.0206770949833349 -0.0359989633681006 -0.984852826973789 0.168349165668286
1556456591.69972 -30.2824 263.723 -3.87587 0.0207014500720514 -0.035997124999484 -0.984843143839403 0.168403203619189
1556456592.70059 -30.2783 263.716 -3.88047 0.0208648656937912 -0.0360051414543057 -0.984838923930473 0.168406000724155
1556456593.7014 -30.2794 263.723 -3.87764 0.0207672414568061 -0.0360467987126059 -0.98484355824323 0.168382052997527
1556456594.70221 -30.2854 263.724 -3.87437 0.0206664801500053 -0.0359876449776696 -0.984842368929406 0.168414056327513
1556456595.70311 -30.28 263.724 -3.87858 0.0207365617957674 -0.0358780559820454 -0.984853880129811 0.168361500638051
1556456596.70393 -30.2861 263.724 -3.88327 0.0207552601236838 -0.0358665258946664 -0.984862549619643 0.168310932069612
1556456597.60475 -30.281 263.727 -3.87443 0.0206648379428167 -0.0359068271062837 -0.984863102176249 0.16831023204705
1556456598.70569 -30.285 263.726 -3.87396 0.0206577229937723 -0.0359780057995287 -0.984849352928273 0.168376345179965
1556456599.70655 -30.2854 263.72 -3.88078 0.0206746750261013 -0.0359412515064873 -0.984839708713869 0.168438512202805
1556456600.70743 -30.2848 263.723 -3.88092 0.0207702113038261 -0.0359775174624658 -0.984860982747755 0.168294566818889
1556456601.70829 -30.2896 263.723 -3.87938 0.0206318161940577 -0.0358700480669671 -0.984847950337838 0.168410755379719
1556456602.70916 -30.2732 263.726 -3.8723 0.0209650382426788 -0.0359438378323672 -0.984855556158919 0.168309361582382
1556456603.71001 -30.003 263.813 -3.85595 0.0213466160328884 -0.0361123689386057 -0.984900979958546 0.16795915714924
1556456604.71091 -29.1711 264.056 -3.81679 0.0237718352880057 -0.0359355343750529 -0.984711978427245 0.168777536295917
1556456605.71177 -26.9945 264.745 -3.756 0.0232276491471891 -0.0357981576231307 -0.984326751526799 0.171113454919782
1556456606.71263 -23.7234 265.756 -3.7153 0.0188437005960115 -0.0331985738427828 -0.983841928005487 0.174922355178234
1556456607.71354 -19.6432 267.085 -3.61586 0.0119142470665855 -0.025544687894136 -0.983232366178533 0.180165573115929
1556456608.71437 -15.1496 268.584 -3.60504 0.0160887588988697 -0.026805701427808 -0.983643045702594 0.177394940313925
1556456609.71521 -10.4678 269.92 -3.47632 0.0199851695906498 -0.0256269834068382 -0.990715507716211 0.132009974958366
1556456610.71603 -5.64438 270.444 -3.31039 0.0222168816413052 -0.0244440601973414 -0.99901668296005 0.0295730495333739
1556456611.71694 -0.878539 269.961 -3.10335 -0.0196796907909171 0.0315738286854392 0.996078440921798 0.0802716802073821
1556456612.61777 3.72979 268.248 -2.89568 -0.020407916739037 0.0220485968485426 0.976716646671635 0.212419322157613
1556456613.71865 7.92066 265.019 -2.62831 -0.0266802171982667 0.0216550019576339 0.926922594998222 0.373675968965399
1556456614.71958 11.1851 260.088 -2.32765 -0.027141163065928 0.0151246942001428 0.871742066898756 0.488978905160403
1556456615.62031 13.9697 253.98 -2.05492 -0.0192738720586282 0.0232754133981176 0.839977556213903 0.541778993727086
1556456616.62119 16.8043 247.154 -1.51109 -0.0232485916255017 0.0316274339878708 0.845194225103518 0.533015881806947
1556456617.72211 19.6472 239.983 -1.05371 -0.0214453615638508 0.0300052356543651 0.832288850832029 0.55311395849447
1556456618.72299 22.2879 232.751 -0.562856 -0.0224360855204833 0.0291767940930135 0.832307129352824 0.553091474515231
1556456619.62382 25.3719 225.082 -0.00301951 -0.0246991662446274 0.028157476323415 0.845593040566298 0.532512457562976
1556456620.62463 29.2162 217.027 0.472705 -0.0197172514316955 0.031629538948765 0.862195572733249 0.505202530299535
1556456621.72562 33.7731 208.377 1.05993 -0.0241317209453742 0.0340764679292205 0.863081299404574 0.503335996125645
1556456622.62637 38.5489 198.75 1.70226 -0.0274114532707612 0.0249635865083081 0.858126270511034 0.512098365001345
1556456623.62726 43.3896 188.431 2.43646 -0.0267803258350637 0.024481148113577 0.851329997757552 0.523374361669862
1556456624.62808 48.0417 177.926 3.19738 -0.0251562829922193 0.035611395878378 0.846900981778852 0.529960108849361
1556456625.62891 52.5031 167.751 4.10561 -0.0352695105654724 0.0341002339101922 0.849698301756184 0.524981934607658
1556456626.62984 56.9324 158.344 5.02596 -0.0346710872233871 0.0343946800736412 0.856968812709224 0.513049096809578
1556456627.63075 61.2583 149.681 5.91776 -0.0347525348411226 0.0478891187658085 0.863098601838854 0.50155727203358
1556456628.63152 65.6362 141.666 6.91179 -0.0362513184789457 0.045318458846341 0.871440361460844 0.487056234549281
1556456629.63241 70.1515 133.933 7.76751 -0.0381414041801143 0.0447517180154585 0.877195999485336 0.476518305533749
1556456630.7334 75.0163 126.154 8.60499 -0.0288482785649149 0.044396298411996 0.887043371298863 0.458640167174553
1556456631.83436 79.9714 118.838 9.29248 -0.0244878866903544 0.0248718540500459 0.899607925505863 0.435301406669668
1556456632.73516 84.6232 112.821 9.71847 -0.0165084884987109 0.0294083187406893 0.90726051034151 0.419214726567658
1556456633.83606 88.209 108.362 10.0441 -0.0151219961930169 0.0274445596994459 0.911499840149722 0.410105063100998
1556456634.73682 90.5188 105.494 10.176 -0.010675103025082 0.0251905534059676 0.913718203561852 0.405426346793356
1556456635.83784 91.553 104.285 10.2374 -0.0106749966019867 0.0256071862842427 0.914542336319662 0.403537645749595
1556456636.83868 91.6483 104.188 10.2547 -0.0115734804673698 0.0268328149881165 0.914659773409329 0.403166905259447
1556456637.8395 91.6533 104.174 10.2541 -0.011637672527958 0.0264751786715023 0.914558617823202 0.403418100805799
1556456638.84046 91.6725 104.169 10.2595 -0.0118644304743502 0.0269285390821918 0.914585882329554 0.403319665917606
1556456639.84127 91.6502 104.17 10.2513 -0.0117121043639918 0.0269441689686683 0.914517634063187 0.403477800327882
1556456640.84211 91.6599 104.175 10.2625 -0.0116576447334277 0.0268875640505577 0.914559238596573 0.40338884133842
1556456641.84299 91.6526 104.181 10.2548 -0.0118862718430728 0.0266622104168098 0.914539855372686 0.403441068822038
1556456642.84384 91.6624 104.169 10.2463 -0.0120822487509423 0.0263604453720422 0.914592361046619 0.403336037690755
1556456643.84474 91.6651 104.182 10.2415 -0.0119375806556889 0.0269115025640526 0.914546222207136 0.403408567886813
1556456644.84559 91.6552 104.176 10.2458 -0.0119762515320136 0.0269197454159043 0.914556330995028 0.403383953749895
1556456645.84644 91.6572 104.174 10.2435 -0.0120376504202424 0.0267811369829809 0.914562256640394 0.403377917594764
1556456646.84742 91.6617 104.174 10.2409 -0.0121112644892859 0.0269286762472549 0.914491030402903 0.403527346013475
1556456647.74812 91.7573 104.043 10.2486 -0.0128477974945638 0.027113312672863 0.914693638646019 0.403032690728616
1556456648.74903 92.6543 102.973 10.2829 -0.0137069404773857 0.0272381799069464 0.915044915046253 0.402197718524238
1556456649.74977 94.5892 100.682 10.387 -0.0105673604908523 0.0253838954084267 0.915712950359859 0.400891233739768
1556456650.75066 97.2139 97.6344 10.4938 -0.00613760923669777 0.0236404379575846 0.916264379059973 0.399828772241159
1556456651.75157 100.399 93.9853 10.5961 -0.00567959616103221 0.0257394953276658 0.918854537702471 0.393715073512944
1556456652.75243 104.26 89.7764 10.7054 0.00136403550478982 0.0296634552254738 0.924877069181408 0.379105032588117
1556456653.75327 108.631 85.3102 10.7901 0.00807895842039053 0.0313733863204312 0.930097379892979 0.365881545008552
1556456654.75416 113.276 80.5563 10.7397 0.0149904742222534 0.0304483136117864 0.928686642723302 0.369309227488445
1556456655.75501 117.837 75.3238 10.6961 0.00971177875715765 0.0155110357110277 0.913753507896949 0.40585664455638
1556456656.7559 122.021 69.4545 10.6309 -0.00902452747137999 -0.00912378394263286 0.888674716868037 0.458358551867422
1556456657.75673 125.347 62.7722 10.5418 -0.0152962985112984 -0.0349637140552009 0.840573965887323 0.540350784050303
1556456658.75758 127.01 55.2294 10.3309 -0.0259934573760849 -0.0404031110780019 0.754476709845266 0.654566133473096
1556456659.75846 126.508 47.1672 10.1316 -0.0435628442081211 -0.0352704452187415 0.651180080194979 0.756850564811728
1556456660.75931 123.831 39.4535 10.1037 -0.0535320859596463 -0.0210126015602287 0.548945309997235 0.833877588726618
1556456661.76016 119.587 32.5702 10.2862 -0.0578004706326376 -0.00730461849635483 0.47710859426043 0.876911134281065
1556456662.76103 114.863 26.437 10.5941 -0.0591251645675308 0.00448928744342317 0.451126758365715 0.89048790508325
1556456663.76192 110.517 21.0757 10.9974 -0.0382037215905034 0.00561494539073114 0.445039966530968 0.894677805824538
1556456664.76283 107.176 17.0301 11.1564 -0.0247819858816691 -0.00226093534537288 0.432936861441822 0.901080693030335
1556456665.76368 105.016 14.5758 11.1946 -0.0230173665560148 -0.00504054501263123 0.428875937232766 0.903056047100909
1556456666.86459 104.082 13.5383 11.1835 -0.0228503397535534 -0.00333529879801493 0.427533043151248 0.903704727645545
1556456667.76537 103.975 13.4224 11.1872 -0.0232153345306575 -0.000435546283208738 0.427120221690085 0.903896661552346
1556456668.76619 103.802 13.2156 11.1976 -0.0230461107454717 0.000186049900489739 0.426848831602098 0.904029267847488
1556456669.76714 103.454 12.8195 11.1979 -0.022484414760736 0.000534706659213111 0.426295842875857 0.904304163171009
1556456670.76799 103.131 12.4418 11.1953 -0.0227725301618589 0.000603409083012606 0.425946953112776 0.904461298730603
1556456671.76885 102.734 12.0221 11.2103 -0.0224595488304292 0.00134694385872705 0.42525307670883 0.904794769634666
1556456672.76973 101.765 10.9537 11.2094 -0.0224015093135077 0.0035264361896429 0.423241103343412 0.905733241671591
1556456673.77057 99.9209 8.95283 11.2511 -0.0234251712898957 0.00533069455187563 0.416670802823442 0.908739944714714
1556456674.77136 97.2016 6.08099 11.3114 -0.0175093165387554 0.000627708691308386 0.403050585677987 0.915009975465173
1556456675.77225 93.467 2.75349 11.3016 -0.0152344798353723 -2.96744629020825e-05 0.356213295747964 0.934280470563281
1556456676.77315 88.9339 -0.415731 11.2064 -0.0245408433372548 -0.0192988517717941 0.294606698685601 0.955108472592594
1556456677.774 83.4916 -3.15288 10.8193 -0.0169473090258993 -0.033438290585464 0.22109103143775 0.974532413651436
1556456678.77487 77.5527 -5.07292 10.6795 0.00194783955358945 0.0159779492528911 0.126952112811187 0.99177823736535
1556456679.77574 71.6196 -5.7576 10.7979 -0.0081256380189278 0.00623230942361308 0.0635605291678345 0.997925443837333
1556456680.77662 65.1647 -6.07193 10.7572 -0.00875553707000956 -0.00506559274444455 0.0335694320639881 0.999385197794957
1556456681.77749 58.084 -6.17492 10.5647 -0.00368437528446823 -0.0174154910026009 0.0259998560600972 0.999503443484191
1556456682.77831 50.3563 -6.20428 10.1621 -0.00277065724230633 -0.0202216991724516 0.0194409026863586 0.999602649878322
1556456683.77928 42.2197 -6.10446 9.78543 -0.00622439595783382 -0.0211199207081854 0.0111554900392548 0.999695334032436
1556456684.78006 34.2901 -5.91761 9.3544 -0.00475691952535342 -0.0211155385362188 0.00487515382976469 0.99975383901443
1556456685.78096 27.2557 -5.67201 8.97462 0.000227040550570199 -0.0197277725641826 0.00377966189060598 0.99979821844122
1556456686.78179 21.1395 -5.45751 8.76984 0.00128139695796752 -0.019905790614467 0.00659676647080195 0.999779275737389
1556456687.78265 16.1255 -5.33144 8.47269 -0.000669619684052242 -0.0193418155932066 0.00802055962045502 0.999780534118569
1556456688.78351 12.37 -5.27305 8.335 -0.0025543629273373 -0.0219466085668777 0.00561954834201436 0.99974008736215
1556456689.78442 9.79945 -5.16169 8.20608 -0.00190486442062409 -0.0197102654646588 0.00238576330584623 0.999801072744124
1556456690.78524 8.12364 -5.07374 8.12342 -0.00129411035564367 -0.0202017036488878 -0.00147429256852371 0.999794000236795
1556456691.7861 7.27399 -5.0095 8.0831 -0.00256675539704484 -0.0197637833122798 -0.00299234616848776 0.999796904626297
1556456692.78698 6.92594 -4.98334 8.07043 -0.00329219292203264 -0.0195784115843953 -0.00338975979410364 0.999797157824593
1556456693.78786 6.93111 -4.98722 8.07001 -0.00323404112077765 -0.0193598439985971 -0.00346372495432141 0.999801350283055
1556456694.78872 6.9153 -4.99172 8.0498 -0.00314146119362056 -0.0189323081462997 -0.00340229134556175 0.99981004363
1556456695.78954 6.91514 -4.98773 8.06596 -0.00312095785559127 -0.0192529327026271 -0.00354071184856303 0.999803504476763
1556456696.79047 6.92817 -4.9859 8.05966 -0.00321781868498346 -0.0192261878585336 -0.00333214142431804 0.999804428964419
1556456697.79126 6.92392 -4.98839 8.06086 -0.00334985657552529 -0.0193157377986175 -0.0035207484329679 0.999801622855599
1556456698.79216 6.91918 -4.98731 8.06675 -0.0031790777360573 -0.0190885543225076 -0.00335878588597561 0.999807100952977
1556456699.79302 6.9232 -4.98512 8.05804 -0.00321211364142297 -0.0192084077770287 -0.00323328523821751 0.999805113641251
1556456700.7939 6.93156 -4.99222 8.0678 -0.00323796017995619 -0.0193665609845008 -0.00339232121416431 0.999801452332555
1556456701.79474 6.93631 -4.99022 8.06203 -0.0031086402269194 -0.019408566250634 -0.00342506156928988 0.999800936619526
1556456702.79565 6.9369 -4.98755 8.05882 -0.00316398767372536 -0.0191692211524966 -0.00328720593115805 0.999805843361386
1556456703.79643 6.92792 -4.99064 8.06417 -0.00330996000032968 -0.0194498312312629 -0.00324998382625489 0.999800072932084
1556456704.79743 6.92809 -4.99156 8.06659 -0.00319893028133719 -0.0195347425928649 -0.00345478754499911 0.999798092176568
1556456705.79826 6.9258 -4.99157 8.06335 -0.00337742623004091 -0.0194970049657016 -0.00327676467927627 0.999798841068874
1556456706.79913 6.92598 -4.98722 8.0681 -0.00311383205577336 -0.0190009441921169 -0.00333477647980332 0.99980905548788
1556456707.79991 6.93691 -4.98882 8.06455 -0.00334713051900961 -0.0195322964720806 -0.00323910020814384 0.99979837684488
1556456708.80076 6.92431 -4.99182 8.06454 -0.00332160569082198 -0.019430723268584 -0.0032990406101322 0.999800245178979
1556456709.80165 6.92438 -4.98963 8.0574 -0.00321869446249092 -0.0192548594271934 -0.00328199851292756 0.999804040239965
1556456710.80249 6.93075 -4.99538 8.06627 -0.00322108553537491 -0.0194085848730709 -0.00347362164612244 0.9998004127794
1556456711.80336 6.93139 -4.99021 8.06091 -0.00321114694459902 -0.0192030302568619 -0.00317853318512587 0.999805395610088
1556456712.80429 6.92553 -4.99179 8.06145 -0.00327896620942309 -0.0194827361014414 -0.00337844699473002 0.999799108556565
1556456713.80513 6.93011 -4.99712 8.0578 -0.0032999732936083 -0.0192947904732071 -0.00338398347349893 0.999802665475897
1556456714.80596 6.92625 -4.9929 8.07176 -0.00310366252860333 -0.0192645909853687 -0.00329663142420178 0.999804168342145
1556456715.80684 6.92167 -4.99511 8.06205 -0.00333341342506106 -0.0193651315991546 -0.00348747038814042 0.999800838959128
1556456716.80767 6.93214 -4.99393 8.0681 -0.003244677954525 -0.0195439411843878 -0.00337662664579203 0.99979803201469
1556456717.80857 6.92386 -4.99168 8.06728 -0.0032497142122995 -0.0194415074485633 -0.00322203298952493 0.999800522928989
1556456718.80944 6.921 -4.99484 8.06193 -0.00332911483870206 -0.0196217771086078 -0.0034011609395901 0.999796146702793
1556456719.81033 6.92822 -4.98862 8.06708 -0.00314043245545694 -0.019511833725095 -0.00335523998679556 0.999799064009018
1556456720.81112 6.93091 -4.98772 8.07341 -0.00318706577172083 -0.0195573247028891 -0.00328540467990159 0.999798259539554
1556456721.81204 6.92145 -4.99117 8.06144 -0.00339217290215584 -0.0192854315229589 -0.0034283457852421 0.999802386343998
1556456722.81292 6.9265 -4.99168 8.06071 -0.00319908942585425 -0.0191170262826875 -0.00346342880977497 0.999806136105311
1556456723.81379 6.92695 -4.98906 8.06565 -0.0032912577922826 -0.0194634958621851 -0.00343684840862633 0.999799243860478
1556456724.81462 6.92495 -4.98866 8.06426 -0.00327237103052135 -0.0195160297817434 -0.00344006623733472 0.999798270709486
1556456725.81545 6.92154 -4.98804 8.06678 -0.00342387950419548 -0.019460705508809 -0.0033152352354138 0.999799263455207
1556456726.81634 6.92087 -4.99134 8.06724 -0.00317301616319333 -0.0193638456729304 -0.00336980595762755 0.999801789284751
1556456727.81723 6.92446 -4.98556 8.06296 -0.00334275396324222 -0.0194169413040519 -0.00333125543966384 0.999800335628835
1556456728.81813 6.92127 -4.98724 8.06913 -0.00331592332058325 -0.0195033974535933 -0.00332558638617194 0.999798761059188
1556456729.81894 6.93542 -4.99009 8.07082 -0.00321254075772706 -0.0195566920495463 -0.00334900205394768 0.999797979375435
1556456730.81984 6.92478 -4.99136 8.0727 -0.00327912758974906 -0.0193162368480072 -0.00331711960704475 0.999802544022466
1556456731.82068 6.91942 -4.98482 8.07668 -0.00319880987084331 -0.0194923354306729 -0.00328973340526128 0.99979947695975
1556456732.82151 6.92698 -4.99127 8.06787 -0.0031961847484253 -0.0194898798086927 -0.00334167858189162 0.999799360958163
1556456733.82245 6.93725 -4.98731 8.05807 -0.00325669496597464 -0.0191655204115072 -0.00341238125311351 0.999805197235661
1556456734.82328 6.92445 -4.99305 8.06255 -0.00324708496607273 -0.0194131851053068 -0.00338361732264154 0.999800548018005
1556456735.82415 6.93799 -4.98945 8.0703 -0.00323013380251118 -0.0195967061898353 -0.00338107648450688 0.999797031233806
1556456736.82505 6.92467 -4.99179 8.06632 -0.00314875582377914 -0.0192851109004457 -0.00339253688154521 0.999803310920617
1556456737.82587 6.93216 -4.9938 8.0682 -0.00319991649490823 -0.0196062643817221 -0.00349206814963367 0.999796559501711
1556456738.82674 6.92741 -4.98712 8.06922 -0.00320228568417304 -0.0193648990381985 -0.00343370509243659 0.999801458151055
1556456739.8276 6.92064 -4.98847 8.06366 -0.00315026394127521 -0.0189965142748372 -0.00340221992767106 0.999808798311992
1556456740.8285 6.91838 -4.99337 8.05923 -0.00313780592588379 -0.0190782947681343 -0.00343687814363782 0.999807161762376
1556456741.82932 6.70563 -4.97388 8.04408 -0.00323354453123928 -0.0178460311351142 -0.0040989563409588 0.999827116015266
1556456742.8302 5.36638 -4.92874 7.96273 -0.00194765577346297 -0.0138132231495662 -0.00591082895700214 0.999885225215499
1556456743.73098 2.68953 -4.75499 7.8615 -0.00428103161432272 -0.0162885939145635 -0.00687961856041374 0.999834498967237
1556456744.83187 -0.778225 -4.57992 7.7677 -0.00471355577730078 -0.018697352886612 -0.00333664348966602 0.999808510764532
1556456745.7327 -4.41362 -4.4159 7.54984 -0.00535674373915781 -0.0181996720504449 0.0106526763539325 0.999763270839786
1556456746.73361 -7.87475 -4.59518 7.41048 -0.0191517688187106 -0.0131909736420585 0.080424196736509 0.996489416172985
1556456747.43417 -11.1589 -5.59124 7.29101 -0.023843187810366 -0.0166993098493893 0.237937103773909 0.970844256352829
1556456748.63522 -13.8128 -7.92239 7.26545 -0.0296058863953171 -0.0168430097869201 0.456446733254009 0.889098523344747
1556456749.73616 -15.0499 -11.515 7.28521 -0.0298585289332563 -0.00189347677388148 0.659617618529585 0.75100564599809
1556456750.73703 -15.251 -16.4419 7.44516 -0.027195941156258 0.00337908393084299 0.718461920175471 0.695026209458455
1556456751.83796 -15.271 -22.4245 7.64648 -0.025946656670079 0.00744450292134739 0.715198488193067 0.698399937621884
1556456752.83884 -15.5444 -29.2802 7.89917 -0.0240388659843266 0.00661306170660028 0.702738619447445 0.711011134282826
1556456753.83971 -16.1916 -36.7715 8.12134 -0.0235592304950896 0.0052026305602576 0.682934319831932 0.730081235267302
1556456754.84058 -17.203 -44.8687 8.3993 -0.0225230924280604 0.00744965355053879 0.676329870947018 0.736216760631163
1556456755.7413 -18.2244 -53.4168 8.59996 -0.0220518468730511 0.00712433059552919 0.68130000553466 0.731637384516077
1556456756.74221 -19.0892 -62.2806 8.8901 -0.022603180676768 0.00818054500906516 0.691258987748472 0.72220716332892
1556456757.74307 -19.8077 -71.3608 9.13578 -0.0228324857082163 0.00673054705918291 0.696391517923721 0.717267196445344
1556456758.74389 -20.4377 -80.5316 9.46283 -0.0310505232962681 0.0048405739699115 0.69634084155849 0.717022918897495
1556456759.74485 -21.0941 -89.8089 9.71795 -0.026962580440815 0.00149126353159143 0.700591410874364 0.713051520156938
1556456760.64557 -21.5378 -99.0627 9.99493 -0.0258353397716092 0.00187119945021949 0.705204500729009 0.708530624590816
1556456761.74654 -21.9163 -108.295 10.2765 -0.0266536723046711 0.00121029651534168 0.709302572104975 0.704399019122178
1556456762.74741 -22.2295 -117.474 10.495 -0.0248575291308546 0.00256272375988871 0.709455267234083 0.704307290524707
1556456763.74824 -22.5313 -126.562 10.7591 -0.0238433737001934 0.00571039896699992 0.708564187048682 0.705220304377484
1556456764.74911 -22.9318 -135.063 11.0028 -0.021317880462838 0.0028134581878267 0.704893981160641 0.70898667670775
1556456765.75001 -23.2807 -142.129 11.1975 -0.0200758674208152 0.00300405452719005 0.700559652590412 0.713305059820902
1556456766.8509 -23.8713 -148.123 11.3353 -0.020007952217123 0.00304444624004165 0.67802909048098 0.734756398853868
1556456767.75167 -25.1255 -153.152 11.4391 -0.0189327981830195 0.00131845877399431 0.592486107201936 0.805357078315028
1556456768.75288 -27.5678 -157.352 11.4794 -0.0182297585693116 -0.00266488914963135 0.459890728130142 0.887784372721356
1556456769.75344 -31.2288 -160.268 11.411 -0.0121586768584168 -0.0166787303097869 0.267514184500855 0.963332833252946
