1584175538.47938 -0.00291587 0.00174784 0.00158902 -1.78479894372056e-05 -0.000594775899931368 0.000598834343491706 0.99999964366019
1584175539.48028 0.00145556 0.00131684 0.00386088 -2.94128437836104e-05 -0.000575027314544901 0.000749928582412102 0.999999553042697
1584175540.48113 -0.000667941 0.0064732 0.000317169 -2.19765194167698e-05 -0.00046854724286622 0.000753455320344253 0.99999960614272
1584175541.48198 -0.00206767 0.00244005 0.00329018 -1.68212354171144e-05 -0.000565070952804808 0.000638905436589029 0.999999636105787
1584175542.48286 -0.000567904 0.00532575 0.00219356 -2.24801577111311e-05 -0.000609592390143567 0.000760686733573519 0.999999524623614
1584175543.48368 -0.00509977 0.00257665 0.00260597 -1.86163284289794e-05 -0.000612093138093866 0.00069169910345622 0.999999573273796
1584175544.48457 0.0019755 0.00318039 0.0026449 -2.17051677087189e-05 -0.000640821851595647 0.000761751482287163 0.999999504305337
1584175545.48542 -0.00322206 0.00424926 0.00223459 -1.58558286062426e-05 -0.000581225820292372 0.000668041334634526 0.99999960782288
1584175546.48628 0.00140323 0.00113913 0.00244412 -2.81282779873955e-05 -0.000600134792801775 0.000694663630739733 0.999999578244646
1584175547.4872 0.00468345 0.000805087 0.00251917 -1.64322834371398e-05 -0.000595415846223117 0.000646065760114062 0.999999613904417
1584175548.48802 -0.00136541 0.00247928 0.00252844 -1.10365088715447e-05 -0.000483434221419305 0.000684249628444239 0.999999648985936
1584175549.48888 -0.00210807 0.00105767 0.00153638 -2.13121281127355e-05 -0.000520593611628604 0.000630508903391652 0.999999665493248
1584175550.48976 0.00157229 0.00629732 0.00202913 -2.91252146904434e-05 -0.000593803157336838 0.00061595264524529 0.999999633575868
1584175551.49058 0.00306956 -0.00131849 0.00398066 -3.11617399622299e-05 -0.000573622862856556 0.000725797645132584 0.999999571601676
1584175552.49144 0.00122384 -0.00117763 0.00413243 -3.61408034113947e-05 -0.000622509075104832 0.000659058008081731 0.999999588409333
1584175553.49234 0.00675317 0.094481 0.00547048 4.3689201860917e-06 -0.000550502646801916 0.00193904610011266 0.999997968511922
1584175554.49324 -0.0458711 0.392398 -0.00321844 0.000162372762517414 -0.000188018022373418 0.0225170378490879 0.999746428496152
1584175555.49404 -0.157518 0.86942 -0.0128224 0.000583511629186946 0.000257947959736587 0.0748176001204751 0.997197031528494
1584175556.49496 -0.137463 1.04611 -0.0269272 0.000693602873646545 0.000769204172229854 0.0869457454947338 0.996212509748979
1584175557.4958 -0.129013 1.05142 -0.0178108 0.000636369271766169 0.000338282953251239 0.0869227733198615 0.996214792139314
1584175558.4967 -0.142504 1.06029 -0.0164971 0.000747428608174113 0.000538087164342897 0.0890175458845623 0.996029632258684
1584175559.49754 -0.23311 1.28743 -0.0166143 0.00111902078182183 0.00124417545414914 0.10666527846504 0.994293577465883
1584175560.4984 -0.583995 2.04229 -0.0200786 0.00280926078629916 0.0021886000720989 0.190678515495756 0.981646077673565
1584175561.49922 -1.10384 3.84119 -0.0945275 0.00231596618410895 0.00412193386340182 0.184500965574643 0.982820960126454
1584175562.5001 -1.59425 6.23134 -0.132708 0.00302707869977059 0.00546993788688549 0.104028445234376 0.994554673789318
1584175563.60111 -1.99172 9.45217 -0.133723 0.000301320839641961 0.00971703696554924 0.06674156620618 0.997722933353097
1584175564.6019 -2.26206 13.3435 -0.240303 -0.00599623777320141 0.00675664438984069 0.048988034489485 0.998758512036825
1584175565.60275 -2.38133 17.9088 -0.316516 -0.00572766733733567 0.006123993908317 0.0254743917798373 0.99964030825539
1584175566.60363 -2.39246 22.7773 -0.468268 -0.00845333766313884 0.00647080903720494 0.0169743575247404 0.999799250299468
1584175567.60452 -2.32282 27.5078 -0.627601 -0.00981393287794119 0.00182874914475987 0.00920369472153228 0.999907812951527
1584175568.60538 -2.20848 31.8929 -0.766796 -0.0091796543703771 0.00600516279322331 0.0101866702209397 0.999887945579542
1584175569.60627 -2.19319 36.1524 -0.988529 -0.0107822908915946 -0.00560712806145876 0.0191596233349665 0.999742572441373
1584175570.6071 -2.18538 40.3086 -1.1752 -0.00693736184462235 -0.00335757063408024 0.0243173155125028 0.999674580999407
1584175571.60798 -2.206 44.2382 -1.31756 -0.00535020918633878 -0.00999517365509015 0.0200860730131128 0.999733975333528
1584175572.60881 -2.14879 48.4046 -1.44658 -0.0045660250472332 -0.0107485293113726 0.0150204364842004 0.999818987127537
1584175573.60969 -2.10561 53.0778 -1.57123 -0.00854195679247643 -0.0101386244125551 0.0152027920430454 0.999796538493344
1584175574.61057 -2.08938 57.8902 -1.75941 -0.00731339077650191 -0.0111206771918763 0.0187115617100365 0.999736326394373
1584175575.61143 -2.01762 62.6052 -1.78159 -0.0090525993910774 -0.00902912659702276 0.0168033132027545 0.99977706214064
1584175576.61229 -2.00511 67.0405 -1.93206 -0.0069062008298271 -0.0101325002422048 0.0137102886028002 0.999830818096426
1584175577.61319 -1.90239 71.4712 -2.0718 -0.005729723724451 -0.0107522362373152 0.00777750360532284 0.999895529602772
1584175578.61399 -1.64997 76.1435 -2.25652 -0.00354960082924939 -0.00928643799788469 -0.00482563258416307 0.999938935972306
1584175579.61485 -1.38686 81.14 -2.36618 -0.0102877526860331 0.00964655791350493 -0.000427465897685204 0.999900456714567
1584175580.61574 -1.26521 86.365 -2.57172 -0.00603208729767868 0.00781425334768566 0.0127843039718217 0.999869547960836
1584175581.61665 -1.1074 91.6768 -2.68754 -0.00847829793408298 0.00869940994705482 0.00205823774621608 0.999924098313514
1584175582.61741 -0.870395 97.1581 -2.89608 -0.0154700360943263 0.0112647329106974 -0.00461215624882929 0.999806237123188
1584175583.6183 -0.552043 102.739 -3.13138 -0.0128930109228709 0.0152484627575777 -0.00151282545015059 0.999799462898451
1584175584.61917 -0.305516 108.574 -3.30627 -0.0147714339953309 0.0146326512205332 0.00286513231888839 0.99977971637395
1584175585.62007 -0.130472 114.477 -3.60973 -0.0107066506587641 0.0167311869961976 0.0069648289067388 0.999778438541095
1584175586.62099 0.00900572 120.417 -3.80542 -0.0165858400428919 0.0145502924060013 0.00980043992742279 0.999708532662496
1584175587.62183 0.145514 126.245 -4.02901 -0.0183301473097217 0.0156978438872713 0.0107464963496714 0.999650987201584
1584175588.62263 0.27883 131.933 -4.24555 -0.0160792188311871 0.0225328718756127 0.00815100276015157 0.999583558068469
1584175589.62351 0.401342 137.422 -4.53715 -0.0157795253174886 0.0145392707654839 0.00936748789711679 0.999725895611822
1584175590.62438 0.509447 142.672 -4.72318 -0.015442947658408 0.015513648484739 0.00953994311638849 0.999714875133729
1584175591.62523 0.635235 147.692 -5.02127 -0.0151228101008085 0.0133800103470922 0.00526709266245482 0.999782243127298
1584175592.62614 0.820957 152.101 -5.23958 -0.017372235743352 0.0119055404143229 -0.0109962744471011 0.999717732903145
1584175593.62697 1.20403 155.645 -5.41541 -0.0220970047100083 0.0132988423416622 -0.0688726670256659 0.997292042940276
1584175594.52769 2.10442 158.377 -5.54912 -0.0146991727575109 0.00422529501299962 -0.206795109890178 0.978264720680352
1584175595.62873 3.70584 160.151 -5.63463 -0.00533018178391895 -0.0124210279833132 -0.376730901768639 0.926224127778248
1584175596.62957 5.99983 161.388 -5.65513 0.00020260841406239 -0.0265528350702267 -0.533975992369169 0.845082567251819
1584175597.63044 9.30374 162.036 -5.536 0.00229428034761216 -0.0322452763935484 -0.644319212258714 0.764073118976385
1584175598.63123 12.9746 162.145 -5.41323 0.00637878953244398 -0.0316561792267459 -0.686943397638287 0.725993089362448
1584175599.63216 16.9505 162.1 -5.18142 0.0105704979137908 -0.024034091911367 -0.696202853934421 0.717364769955577
1584175600.63301 21.2669 162.021 -5.05232 0.00904330556384014 -0.0250032201871556 -0.70007527333888 0.713573870923147
1584175601.63384 25.9041 161.947 -4.95001 0.0109800640823335 -0.021264272413101 -0.69503020673502 0.71858213214452
1584175602.63471 30.7115 161.946 -4.78264 0.0144862282400351 -0.0211746820572528 -0.688345904235795 0.724928753846168
1584175603.63559 35.8595 162.032 -4.58144 0.00662912096785132 -0.0284507316742348 -0.689362463513546 0.723827330598209
1584175604.63651 41.2347 162.074 -4.39643 0.00881169004964483 -0.0298468969871891 -0.691816528206384 0.721402389903977
1584175605.63738 46.9078 162.034 -4.24755 0.00619884172306595 -0.0251000646746382 -0.696574683408204 0.717018320232741
1584175606.63819 52.4993 161.946 -4.01722 0.00618049174919705 -0.0220885251904995 -0.700543074903892 0.71324140287903
1584175607.63909 57.7785 161.791 -3.89655 0.00435759456796207 -0.0142986958539115 -0.699232507812037 0.714738035006776
1584175608.63991 62.929 161.68 -3.75545 0.0128075242731032 -0.0110908297098739 -0.698051995482406 0.715846612355867
1584175609.64081 68.2104 161.576 -3.59339 0.019331863812603 -0.0164152894745023 -0.697815690381195 0.715828247256851
1584175610.64163 73.4099 161.5 -3.40353 0.0175206309427517 -0.0208973926823792 -0.698020199535675 0.715558612211901
1584175611.64253 78.391 161.446 -3.25744 0.00599924201076255 -0.0221271817242414 -0.700213104372947 0.713565698018507
1584175612.6434 83.3338 161.32 -3.11535 0.00428539601745983 -0.0200941722555312 -0.700614072183498 0.713244545356497
1584175613.64417 88.2887 161.143 -3.07727 0.0123886270331532 -0.012893412798327 -0.703301292014454 0.7106669926748
1584175614.545 93.1444 160.991 -2.91595 0.0102792665779685 -0.0114614432333448 -0.702355704085094 0.711659635596091
1584175615.54586 97.9601 160.841 -2.85213 0.0252727201684438 -0.0135634832948156 -0.700224060482915 0.713346750645868
1584175616.64681 102.501 160.758 -2.65344 0.0125775808796296 -0.0216372620104363 -0.696024479293344 0.717581742783592
1584175617.54759 106.85 160.722 -2.54139 0.0124859296786275 -0.0136983407478166 -0.691945926322668 0.721711363403876
1584175618.64855 110.963 160.764 -2.38868 0.0129531201076547 -0.0162153348149034 -0.690123071656547 0.723394377614072
1584175619.64943 114.818 160.788 -2.32875 0.0111267580660375 -0.0169562218884617 -0.688073896584056 0.725357149708916
1584175620.65021 118.349 160.821 -2.23522 0.0117454226009547 -0.0156088656105775 -0.686178346154603 0.727171015395148
1584175621.65116 121.414 160.743 -2.15806 0.0115110184841197 -0.0154170777697278 -0.710940335746164 0.70298908183245
1584175622.65203 124.014 160.297 -2.0784 0.00754090360000478 -0.0128890691519471 -0.769264495289295 0.63875593379365
1584175623.65287 126.099 159.318 -2.07439 0.00846007829416877 -0.013668218720713 -0.844793857733626 0.534850394790728
1584175624.65374 127.659 157.993 -1.93163 0.0119705285097976 -0.0223082208463786 -0.913466062305915 0.406126584632418
1584175625.65461 128.795 156.388 -1.96082 0.0096211559177851 -0.0284739019335123 -0.956528896530234 0.290084712403358
1584175626.55536 129.54 154.573 -1.87049 0.0028032685646473 -0.0227341033692403 -0.98369086210662 0.178402886852442
1584175627.65628 129.942 152.461 -1.78464 0.00143512655402759 -0.0237020883449269 -0.995937995556083 0.0868542481839231
1584175628.55709 130.114 150.169 -1.64097 -0.00112314087178307 -0.0216568894101302 -0.998943630562296 0.0405134626350222
1584175629.65807 130.196 147.636 -1.62319 -0.00289901606148222 -0.0244597048040414 -0.999242570108088 0.030126477234432
1584175630.55886 130.261 144.378 -1.53764 -0.00498752933001952 -0.0212601367815864 -0.999346376296808 0.0288088756748462
1584175631.65977 130.257 140.472 -1.43577 -0.00952942679519834 -0.0211185431489026 -0.999521207806434 0.0205073719766917
1584175632.56052 130.214 136.443 -1.31679 -0.00928647014270097 -0.0180031114910522 -0.999681741305537 0.0150354763562594
1584175633.56142 130.141 132.325 -1.25437 -0.00365251802451046 -0.0222608132431452 -0.99965924681223 0.0131341375293108
1584175634.56224 130.065 127.904 -1.14904 -0.00670266310087229 -0.0191034774202037 -0.999769274031926 0.00717845105076541
1584175635.66317 129.913 123.231 -1.02655 0.00424914252903352 0.0194401475681743 0.999801992520942 -3.46619265333898e-05
1584175636.66411 129.681 118.569 -0.870359 -0.0014429272879025 0.0207883738353115 0.999781988524039 0.00131791389852239
1584175637.56484 129.465 114.063 -0.760195 0.00200493851664026 -0.0184602421046977 -0.999826735048635 0.00130367364247933
1584175638.56572 129.347 109.992 -0.636658 -0.000732093098772453 -0.0196686091361924 -0.999749762853999 0.0106311583430891
1584175639.66668 129.345 106.268 -0.596479 -0.00649865290552503 -0.0198294019621521 -0.999430230781998 0.0265287792270828
1584175640.56749 129.415 102.46 -0.454392 -0.00793295829755993 -0.0210392213062649 -0.999303444584854 0.0297833003597795
1584175641.56831 129.52 98.0195 -0.354119 -0.0111352312332869 -0.0203666806882679 -0.999244530111262 0.0311700815822991
1584175642.56919 129.613 93.2104 -0.283115 -0.0100661260569175 -0.0204892979572272 -0.999319714923062 0.0289649640344178
1584175643.57005 129.658 88.5046 -0.123354 -0.0104228895031002 -0.0176878322472248 -0.999569005375214 0.0209835044262499
1584175644.67105 129.59 84.0048 -0.0412552 -0.00843007672771483 -0.0194041053036769 -0.999722457774201 0.0103644549128341
1584175645.67186 129.448 79.4288 0.0772839 -0.0102069372669183 -0.0155063138125379 -0.999827632631306 0.000278730074282582
1584175646.57268 129.183 74.7426 0.119597 0.00875524315612956 0.0144029164659206 0.999814930080078 0.00927401226659933
1584175647.57349 128.878 69.8985 0.182153 -0.00481654292040797 -0.0146114552726783 -0.99986721922297 0.00537123937615906
1584175648.57433 128.916 64.9324 0.293731 -0.0021229070555019 -0.01268670703144 -0.999448891078368 0.0306015498390613
1584175649.57517 129.066 59.8035 0.381799 -0.00335585325718258 -0.0153076854822848 -0.999391094978475 0.0311745455751287
1584175650.57607 129.157 54.5407 0.447623 -0.0138380548115562 -0.0121831023340819 -0.999408852143117 0.0290176931289597
1584175651.57696 129.236 49.1826 0.473278 -0.00704821900587145 -0.0139798047556953 -0.999597883024416 0.0236423332381515
1584175652.57781 129.213 43.6718 0.54665 -0.00617558055795898 -0.0130048991396751 -0.999711627313037 0.0192197039066246
1584175653.57866 129.174 38.0466 0.54428 -0.00572345578810268 -0.0148347238981687 -0.999723158263739 0.0173430058490587
1584175654.57955 129.118 32.2593 0.684864 -0.00693470446593776 -0.0115455380731423 -0.999779125716533 0.0161341317106333
1584175655.58049 129.056 26.1731 0.719272 -0.00943929416390703 -0.0142577599789509 -0.99980527435839 0.00985034878639552
1584175656.58127 128.708 19.8111 0.787321 -0.00142498546792979 0.0098423776141428 0.99988918855658 0.0110773474704017
1584175657.58214 128.067 13.2559 0.861492 -0.0124978402843781 0.0129655893115126 0.999401509543435 0.0295350673663394
1584175658.58296 127.359 6.80567 0.92067 -0.0204436587245008 0.0129763379879996 0.999283563246446 0.0290866240025178
1584175659.58386 126.856 0.494403 0.998358 -0.0137453891433904 0.0138529657386125 0.999772635667111 0.00859282193347895
1584175660.58469 126.603 -5.45999 1.06051 0.0152523110454902 -0.0114414779681514 -0.999816294891586 0.00195858595352835
1584175661.58557 126.439 -9.79376 1.11153 -0.0146077106254742 0.0142253011911478 0.999775582635386 0.00574803987266524
1584175662.58644 126.34 -12.3073 1.14474 -0.0140103437259225 0.0181618845147891 0.999157629219786 0.0340277561918064
1584175663.58733 125.878 -14.1398 1.19633 -0.0037171015257132 0.0176992362970594 0.987277454891545 0.157975147582211
1584175664.58813 124.678 -15.5952 1.24505 -0.00668454315764583 0.0165286772984881 0.931586481408087 0.363082287322359
1584175665.58903 122.314 -16.2502 1.21305 -0.0139656094457725 0.025123224317263 0.822328928481064 0.568285948036636
1584175666.5899 119.312 -16.4249 1.17355 -0.0122148809151355 0.0154018639697218 0.729365600284762 0.683841648623229
1584175667.59071 115.118 -16.3671 1.07338 -0.0165251490925824 0.0108640921794297 0.714973262960345 0.698872037071467
1584175668.59165 109.913 -16.2824 0.927738 -0.0151005188760429 0.00928776058306179 0.713516876520312 0.700413719706949
1584175669.59248 103.876 -16.1764 0.800434 -0.015746367850422 0.00343163350740678 0.717560393402959 0.696309814386083
1584175670.59336 97.0816 -16.1055 0.466497 -0.0184593648954963 0.00857236234277075 0.718519841416022 0.695208604623831
1584175671.59423 89.8098 -16.0259 0.229501 -0.0170698675637654 0.00776776444278337 0.718867872018871 0.694893707005594
1584175672.59511 82.1265 -15.9785 0.012446 -0.0169591089563224 0.00309545058742275 0.718236391653685 0.695585575262572
1584175673.5959 74.2475 -15.888 -0.177345 -0.0169033626912444 0.0021096542115785 0.718537537191249 0.695279536111894
1584175674.59684 65.8924 -15.8158 -0.569383 -0.0199077909307033 0.000854222905090652 0.71799862515228 0.69575924316025
1584175675.59769 57.1877 -15.7288 -0.871441 -0.0187139883936247 -0.00307124450679621 0.719088769963437 0.694659409356883
1584175676.5985 48.1722 -15.6893 -1.29781 -0.0206474245113292 -0.000419866515754774 0.719606401870617 0.694075020412045
1584175677.59942 39.2219 -15.6232 -1.68084 -0.0206998641551877 -0.00302686499569851 0.717480474530798 0.69626440550937
1584175678.60021 30.5794 -15.4295 -1.97596 -0.0174527832246402 0.00151179226538657 0.713313057496972 0.70062657446473
1584175679.60112 22.4609 -15.2165 -2.27795 -0.0209283349291358 0.00333431227813038 0.711330817835118 0.702537795963141
1584175680.60198 15.1279 -15.0304 -2.56674 -0.0224294560996083 0.000967542493671982 0.714347264848144 0.699431175001926
1584175681.60282 9.04161 -14.9228 -2.77816 -0.0218366635001532 0.000145499992182772 0.714933724432703 0.698851134810353
1584175682.60368 4.58097 -14.5116 -3.0077 -0.0187672827385951 -0.00553740372954901 0.665922163663505 0.745764572905057
1584175683.60456 1.66353 -13.3805 -3.17604 -0.0137682286571753 -0.00725611545700809 0.53609776396491 0.844012424162075
1584175684.60542 -0.431191 -11.313 -3.28319 -0.0118682169119409 -0.0162212595963004 0.347181189488556 0.93758265653208
1584175685.60628 -1.34504 -8.76998 -3.3532 -1.84349738805746e-05 -0.0170614967122394 0.130315033056549 0.991325827944355
1584175686.60724 -1.29215 -6.36559 -3.3774 0.0135552029216126 -0.0117925359934099 -0.0419079509966554 0.998959917219835
1584175687.60803 -0.784782 -3.4674 -3.33888 0.011805146288989 -0.00454485747377721 -0.0794998737426215 0.996754610155652
1584175688.60888 -0.367179 0.201547 -3.29078 0.0143154548794599 0.00206530728243746 -0.011102760813883 0.999833751660611
1584175689.60975 -0.460884 4.62516 -3.20837 0.0137482703082536 0.0081165756910061 0.0649010281102296 0.997763981517081
1584175690.6106 -1.02045 9.54855 -3.15661 0.0109972936870146 0.0116363819644839 0.0839613135438423 0.996340379576343
1584175691.61149 -1.56062 14.693 -3.17729 0.00590525523418599 0.0209324278683083 0.0609325556208403 0.997904897818259
1584175692.61232 -1.73841 20.0069 -3.16195 0.00521345257944148 0.0128289925387655 0.0200049474071946 0.999703975655733
1584175693.6132 -1.59854 25.4427 -3.215 0.00534139144265877 0.0148209945593054 3.84179959086993e-05 0.999875895389916
1584175694.61403 -1.38027 31.0489 -3.25258 0.00651897252609185 0.0204099326909471 0.000888082724165259 0.999770048037963
1584175695.6149 -1.23448 36.8901 -3.29586 0.000664138699355605 0.00988283451293071 0.0094925840083339 0.999905885246518
1584175696.6158 -1.14231 42.8524 -3.33954 0.00416802085028955 0.0120695606478991 0.0181702313285481 0.999753367586939
1584175697.61665 -1.20903 48.9311 -3.41515 0.00396788442396902 0.011771494154074 0.0265940607020011 0.999569129052092
1584175698.61754 -1.30174 54.7753 -3.41505 0.00104462126536408 0.0103921912754091 0.0298952741085442 0.999498466088309
1584175699.61837 -1.38076 60.3538 -3.4851 0.00249631843240412 0.00938180603625341 0.030378241397728 0.999491326905523
1584175700.61922 -1.52675 65.5861 -3.5474 0.00397227437493169 0.00673630846633871 0.0289695798368065 0.999549701930132
1584175701.62013 -1.47285 70.3854 -3.60763 0.00485813981288165 0.00224942843775713 0.00023489227824231 0.999985641584358
1584175702.62097 -1.11062 75.3014 -3.60125 0.00657554581167291 0.00473088690519678 -0.0150680154739285 0.999853657199916
1584175703.62184 -0.734886 80.4602 -3.69374 -0.00172217245000483 0.0329162794579214 -0.0138879529237148 0.999360134001897
1584175704.62269 -0.326797 85.9423 -3.76573 0.00257103990196823 0.0317488292237643 -0.00980452181829742 0.999444482174301
1584175705.62356 -0.0344411 91.6135 -3.79163 0.00277224284607163 0.0298379462645056 0.0020677746777526 0.999548766164113
1584175706.6244 0.103985 97.5432 -3.91963 -0.00456783667922958 0.0256703364380298 0.0135746677190783 0.999567855171197
1584175707.62529 0.117769 103.75 -4.05513 -0.00333161602397518 0.0281504636054261 0.0214371794201146 0.999368249981946
1584175708.62617 0.0998556 110.197 -4.17661 -0.00234187251423674 0.0247354604828185 0.0229481086099654 0.999427864800184
1584175709.62701 0.136504 116.872 -4.29826 -0.000685110845913804 0.0250140866367051 0.0168669125817036 0.999544562964964
1584175710.62789 0.166872 123.756 -4.4985 -0.00322294566622335 0.0243389286005131 0.0184098704138597 0.99952904202287
1584175711.62877 0.243923 130.471 -4.61844 -0.00398735097654919 0.0256221481196477 0.0167289364010525 0.99952376122072
1584175712.62958 0.277989 137.057 -4.83396 -0.00548823620174918 0.0183155514509422 0.01492025654257 0.999705859632295
1584175713.63044 0.353059 143.499 -4.98866 -0.00397098450375336 0.020466113809301 0.013524753267744 0.999691177572685
1584175714.63135 0.445084 149.52 -5.14332 -0.0105590980733516 0.0173614225064942 0.00983532460754093 0.999745143947342
1584175715.63222 0.683513 154.618 -5.27193 -0.010409794350404 0.015739410108698 -0.0451231754349421 0.998803186914059
1584175716.6331 1.99669 158.926 -5.44266 -0.00582546351472502 0.0028616061464361 -0.223665973288207 0.97464424667575
1584175717.63391 4.63331 161.499 -5.4855 -0.000144445740010128 -0.0201390452769384 -0.463522780332594 0.885856100110793
1584175718.63476 7.78733 162.253 -5.40032 0.00399212563435409 -0.0230815170771485 -0.643997471982861 0.764668923510052
1584175719.63606 11.3773 162.228 -5.30847 0.0120454587474887 -0.0231190292040498 -0.704051916543471 0.709669864249349
1584175720.63659 15.2776 161.998 -5.16736 0.0167853279547898 -0.0160765880770608 -0.715818621121946 0.697899346422051
1584175721.63752 19.616 161.6 -5.055 0.015721258492776 -0.0107675476401313 -0.724537747622127 0.688971664308392
1584175722.63827 24.2276 161.132 -4.9231 0.0213565287900532 -0.00423696450117275 -0.725513616722789 0.687863314009167
1584175723.63912 28.7918 160.606 -4.84093 0.021532299453783 0.00104054251072043 -0.733760598639301 0.679066021264509
1584175724.63994 33.2951 160.122 -4.74608 0.0254341072019363 -0.00521652607233066 -0.728181910532951 0.684891961713056
1584175725.64085 37.6375 159.858 -4.68521 0.0262592029408683 -0.00694526923476598 -0.708499233069252 0.705188665703334
1584175726.64173 41.9873 159.72 -4.48444 0.0166116382594442 -0.00834686323606237 -0.700128470558564 0.713774830084238
1584175727.64255 46.4677 159.75 -4.37488 0.0159723596910258 -0.0103129026551727 -0.68586216092173 0.727483074703804
1584175728.6434 51.2751 159.923 -4.33951 0.0161017898248035 -0.00771205330914496 -0.674508323785917 0.738051338147765
1584175729.64429 56.5061 160.133 -4.28421 0.0135231058143627 0.00112276594468974 -0.67508779635652 0.737612589518553
1584175730.64517 62.2364 160.341 -4.1771 0.0242920553394141 0.00597545009414352 -0.677662146135647 0.734947757149029
1584175731.64603 68.2196 160.514 -4.05654 0.0279295311450083 -0.00125435197469809 -0.681130966747983 0.731627619782155
1584175732.64685 74.373 160.691 -3.86037 0.0240176691031085 -0.00234163130577852 -0.682584802950116 0.730407869012398
1584175733.64773 80.2057 160.837 -3.77188 0.0113974981247803 -0.00471372278959311 -0.688816610462748 0.724830707823951
1584175734.64858 86.2098 160.819 -3.668 0.02095086905707 -0.00269493237015631 -0.694838354752394 0.718855659496578
1584175735.64947 92.3973 160.722 -3.60749 0.0196714911391855 0.00579514337907669 -0.700032364887837 0.713816598895766
1584175736.6503 98.1309 160.508 -3.51788 0.0250524858693502 -0.00276451028992947 -0.703214447407779 0.710530908118426
1584175737.65115 103.325 160.302 -3.41015 0.0307069336172559 0.00493742379293479 -0.705202518813757 0.708323452620939
1584175738.65206 108.348 160.123 -3.30315 0.0225504806734855 -0.00021393556400722 -0.705870211085768 0.707982114996348
1584175739.65291 112.956 160.01 -3.18302 0.0181965840433339 -0.00123047792697278 -0.704015554679518 0.709950328560045
1584175740.6538 117.003 159.865 -3.10692 0.0216614760475814 -0.00514350518757197 -0.699087188797122 0.714689741964695
1584175741.65465 120.618 159.779 -3.09094 0.0199354582848357 -0.000259801958569989 -0.699204682430654 0.714643492990011
1584175742.55543 123.254 159.64 -3.04425 0.0165018550078758 0.00225920362700722 -0.720256936881051 0.693507411391541
1584175743.6563 125.051 159.019 -3.01295 0.0173765029425787 0.00322364134610223 -0.803659473663437 0.594826962799238
1584175744.65718 126.526 158.13 -2.98896 0.0130929684349133 -0.00562120164253932 -0.87432342862854 0.485134536413242
1584175745.65811 127.745 156.889 -2.99703 0.0127938372554974 -0.0166300248854912 -0.930946240970565 0.364552954210171
1584175746.65896 128.845 154.487 -2.95535 0.00412472018888619 -0.0114662243467221 -0.982329848568474 0.186760758710262
1584175747.65981 129.462 151.172 -2.9487 -0.00250786830378559 -0.0104790542460964 -0.997842893129834 0.0647569351418101
1584175748.66067 129.64 147.877 -2.89287 -0.00118114498401631 -0.00907987026322824 -0.999131022913792 0.0406615285468875
1584175749.66153 129.77 144.931 -2.93806 -0.00856661328620738 -0.00568641636825002 -0.998961662531077 0.0443832693572402
1584175750.66246 129.855 141.678 -2.97642 -0.0125831518506216 -0.00722130984231003 -0.999418796190909 0.0308478004723127
1584175751.66326 129.862 137.711 -2.99189 -0.0123887688588495 -0.00605586509357118 -0.999780150985263 0.0157953980645077
1584175752.66413 129.789 133.222 -2.98904 -0.0078199787759311 -0.00911765613568228 -0.999864932692502 0.0112175153378057
1584175753.66503 129.705 128.463 -3.07761 -0.00783532410835685 -0.00317873033792563 -0.999868862754211 0.0138116133799645
1584175754.5658 129.691 123.498 -3.02352 -0.0131391232562781 -0.00288574607481101 -0.999701151995498 0.0204118252129198
1584175755.56663 129.696 118.461 -3.05158 -0.0163758409313665 -0.00572736189113732 -0.999597339351043 0.022454138190424
1584175756.56747 129.675 113.229 -3.00384 -0.0228410597227692 -0.00361772054749561 -0.999521141331991 0.0205593316811194
1584175757.66848 129.626 107.917 -3.05486 -0.014816487075361 -0.00236022009039204 -0.999855357816719 0.00801027571755521
1584175758.56921 129.415 102.814 -3.07813 -0.0179264525781209 -0.00375850590391539 -0.999824708406036 0.00388180268932766
1584175759.57009 129.306 98.0861 -3.13891 -0.0122344083573251 -0.00366021547422268 -0.999815585668011 0.0143428285272003
1584175760.57097 129.283 93.549 -3.16956 -0.0136563861063666 -0.00395026493120435 -0.99969551273128 0.0201687964546692
1584175761.57181 129.319 89.0788 -3.19119 -0.0139839612614678 -0.00359368315811882 -0.999607864160582 0.0239927525956395
1584175762.5727 129.342 84.7095 -3.2195 -0.0129256353982298 -0.00406113572529861 -0.999682268906501 0.0212555018788623
1584175763.57357 129.282 80.261 -3.27213 -0.0132692209248026 0.00136067310704945 -0.999838575779466 0.0120373887547436
1584175764.57443 129.204 75.9602 -3.33398 -0.0147459112174953 0.0021956253351723 -0.999879530822826 0.00431985801598728
1584175765.57521 128.95 71.8783 -3.43852 0.0109648502678234 -0.000622386886473073 0.999927311376227 0.00497560620207302
1584175766.67623 128.813 67.6453 -3.48575 -0.00754673667227422 0.00262063260997452 -0.999758031967451 0.0204952815763024
1584175767.57698 128.95 63.1802 -3.56125 -0.00834609013010253 -0.00121829440132754 -0.999341061848892 0.035302983457784
1584175768.57787 129.033 58.7245 -3.67747 -0.00966556130320563 0.0013477185083329 -0.999409452360566 0.0329470349480766
1584175769.57881 129.201 54.5631 -3.72453 -0.0208533630942172 0.00371589714034026 -0.999192069526696 0.0341546124419672
1584175770.57961 129.22 50.6603 -3.79454 -0.018029449131013 0.00362015542879819 -0.999488767664095 0.0261540962759555
1584175771.68053 129.215 46.9199 -3.8942 -0.0155014483035943 0.000648492407862513 -0.999629451663871 0.0223661334226005
1584175772.5813 129.267 42.8011 -3.97536 -0.0131014940280812 0.00438517307482373 -0.999563987858442 0.0260951200009378
1584175773.58221 129.332 38.1222 -4.08729 -0.0129848711890589 0.00181325047495535 -0.999656906997567 0.0226753949243889
1584175774.58304 129.303 33.2878 -4.13231 -0.0138820243548655 0.00294131486451676 -0.999816805029333 0.0128450164505803
1584175775.5839 129.207 28.5647 -4.26603 -0.0146185301257954 0.00217388600164625 -0.99984049914903 0.0100274153216286
1584175776.58478 129.025 23.9668 -4.32874 0.0178715283286884 -0.00227254788541811 0.999835173058254 0.00225182523244261
1584175777.58564 128.644 19.2456 -4.43441 0.00212055213456017 -0.00507417493541726 0.999754340880447 0.0214712342000123
1584175778.58649 128.106 14.6855 -4.48985 -0.00913510967380195 -0.00365247883152076 0.999166056020386 0.039628293759639
1584175779.58733 127.559 10.495 -4.61483 -0.00920501329494846 -0.00270727829410198 0.999341312641515 0.0349982745633542
1584175780.58822 127.248 6.92709 -4.67112 -0.0112523657197842 -0.00172831702630348 0.999731881272766 0.0201634013197244
1584175781.58911 127.067 3.93145 -4.75829 -0.0111613921945436 -0.00233790194389754 0.999891761273615 0.00929641199218761
1584175782.58994 126.916 1.2914 -4.78633 -0.00610362312770473 -0.000780083519429498 0.999979228687421 0.00191818876262722
1584175783.59082 126.841 -0.91881 -4.78868 0.00918573957535408 0.00355568462609122 -0.999944889960698 0.00363267625597394
1584175784.59173 126.806 -2.04118 -4.81397 0.00599689917281333 0.006889265158569 -0.999948220200662 0.00448688571436937
1584175785.59255 126.797 -2.31708 -4.82154 0.00636653192270606 0.00676877468193504 -0.999946227679349 0.00460355410752292
1584175786.5934 126.8 -2.49469 -4.82822 0.00682556958047662 0.00474703740208228 -0.999954411868502 0.00469589400689838
1584175787.59424 126.744 -3.68858 -4.85489 0.00982208400986665 1.98645062638878e-05 -0.999941609028771 0.00450608522526083
1584175788.59511 126.692 -5.66961 -4.90119 0.0087746518749878 0.00142654107011963 -0.999948264878132 0.00494348381832317
1584175789.59599 126.617 -7.60753 -4.91644 0.0106498183056196 0.00408706584830726 -0.999926164805083 0.00418834108042546
1584175790.59684 126.571 -8.84678 -4.92751 0.0112534491742742 0.00171547716479817 -0.99992754196316 0.00391507896370082
1584175791.59772 126.539 -10.1192 -5.00856 0.0102269041389974 -0.00276246306199353 -0.999942108022089 0.00188675221059213
1584175792.59858 126.505 -11.4484 -5.08393 -0.00994517292038344 0.00625723290275991 0.999874271657996 0.0106480725193074
1584175793.59955 126.187 -12.841 -5.03709 0.00217255329501445 0.00466418779299704 0.998181803507977 0.0600550789690092
1584175794.60029 125.623 -14.0614 -5.05158 0.00211886221646563 0.00557490329657417 0.982888873525475 0.184102941790631
1584175795.60121 124.5 -15.1854 -5.00041 0.00153151933542064 0.00574844746990024 0.930479438599164 0.366295815079008
1584175796.60202 123.054 -15.8696 -5.05287 -0.00104306423463432 0.0110509593692708 0.85010812708422 0.526491178064154
1584175797.6029 121.312 -16.2201 -5.03509 0.000531546736634618 0.0072957667765427 0.766970496831231 0.641640667535705
1584175798.60378 119.352 -16.3396 -5.03676 0.000948000415034061 0.00506022849002465 0.725198998560763 0.688520085305657
1584175799.60461 117.238 -16.3597 -5.04016 0.00242136660604174 0.00526491995661988 0.717681911853908 0.696346961650103
1584175800.60548 114.913 -16.3498 -5.11821 -0.00212502285461539 -0.000120326367985287 0.717444447792066 0.696612470554303
1584175801.6064 111.969 -16.3201 -5.23059 -0.00374454051071792 0.00284424622667002 0.719206999868169 0.69477995079046
1584175802.60718 108.663 -16.2838 -5.34838 -0.00329611661250581 -0.00643913636778356 0.721021522092931 0.692874907769727
1584175803.60811 105.004 -16.3114 -5.33909 -0.00760320244453577 -0.00374297445586726 0.723007082775938 0.690788636060726
1584175804.60897 101.003 -16.2828 -5.4517 -0.00757134700105571 -0.00277070682014578 0.720122437432912 0.693800167911473
1584175805.60981 96.6081 -16.2182 -5.68022 -0.0101994431956065 -0.00046883078481742 0.718691818349234 0.695253782293967
1584175806.61063 91.7783 -16.2144 -5.7375 -0.00847588472596714 -0.00392886872042942 0.719494315972004 0.694435492074439
1584175807.61154 86.4187 -16.1738 -6.05021 -0.00822210338542703 -0.00154268371121119 0.718449490630511 0.695528825107663
1584175808.6124 80.8957 -16.0942 -6.15475 -0.0116902087461129 -0.00443245790932008 0.716761259050022 0.697206561831845
1584175809.61321 75.2535 -16.002 -6.26997 -0.00997260941294697 -0.00216151897364406 0.718091382566752 0.695874012433712
1584175810.61413 69.4725 -15.9535 -6.4776 -0.0135248073228404 -0.00617955571431859 0.720158260571111 0.693650468470428
1584175811.61495 63.7212 -15.9575 -6.69248 -0.0120266501096589 -0.000769267418986621 0.7196711809142 0.694210457481259
1584175812.61584 58.2702 -15.9074 -6.826 -0.00987394880869016 -0.00967929903388721 0.719197549899343 0.69466805059965
1584175813.61673 53.4342 -15.8739 -7.04494 -0.017497312356229 -0.00501081250042479 0.718744420370364 0.695036109856792
1584175814.61758 49.1033 -15.8156 -7.20802 -0.0107935296911285 -0.00842341942578472 0.718540979135671 0.695349845059834
1584175815.61847 44.6754 -15.7766 -7.39998 -0.00663750492787056 -0.00647047387726103 0.717943268156147 0.696039898429255
1584175816.61927 39.9324 -15.7535 -7.59192 -0.00952142540302591 -0.00657531920785938 0.718501819398407 0.695428819619082
1584175817.62017 34.389 -15.6605 -7.74596 -0.00671151359285648 -0.00254519151615633 0.71875289641997 0.695228560599565
1584175818.62104 28.3056 -15.5947 -7.9208 -0.010468121046604 -0.00390936453130879 0.718535672465947 0.695400332689469
1584175819.62186 22.0553 -15.5423 -8.13776 -0.0119305933632132 -0.00264482062606001 0.717441183010977 0.696511891345487
1584175820.62273 15.9262 -15.4538 -8.34658 -0.0116409522554467 -0.0033190894897179 0.71643442478331 0.697549415354176
1584175821.62361 10.553 -15.3521 -8.5115 -0.0111273189988679 -0.00849508538831446 0.715571928870054 0.698398762104668
1584175822.62447 6.36425 -15.3108 -8.67957 -0.0087946288895118 -0.00798726943036847 0.707131117657169 0.706982630954019
1584175823.62534 2.89081 -14.7735 -8.80797 -0.00518588474973648 -0.00738398887792878 0.628940315496816 0.777401223854438
1584175824.62621 0.200679 -13.3085 -8.87389 -0.00557929821583941 -0.0175468897616931 0.462108288092186 0.886632341034106
1584175825.62709 -1.38911 -10.9814 -8.93938 0.00643068271417429 -0.0194607556375959 0.245396304314524 0.969206159255407
1584175826.62799 -2.01685 -7.54706 -8.95495 0.0176720643146988 -0.00912933036504639 0.0297657240802736 0.999358972111583
1584175827.62878 -1.61299 -3.70771 -8.79811 0.0232279556901232 -0.00185887142833662 -0.0240625269657517 0.999438843285317
1584175828.62967 -1.12363 0.337885 -8.69165 0.0228988010045205 0.011700770286343 -0.0591355222213027 0.997918697539472
1584175829.63055 -0.414498 3.24554 -8.58862 0.0201192101444055 0.0159780399327318 -0.0951639182677664 0.995130015768291
1584175830.63135 0.0926804 5.03811 -8.56971 0.020528132039619 0.0197190398711507 -0.092052102638153 0.995347258830514
1584175831.63229 0.385551 6.44382 -8.51922 0.0201566081512792 0.0211329361535089 -0.0787285536100722 0.996468225787372
1584175832.63306 0.640562 7.73076 -8.46131 0.0175172420790769 0.0265113032778497 -0.0492190560488909 0.998282415727188
1584175833.634 0.661031 8.80448 -8.43891 0.0189196448027485 0.0277164596559231 0.00438864893124709 0.999427128241593
1584175834.63484 0.603303 9.2932 -8.41184 0.0200213777665946 0.0224634892086173 0.0281673858958479 0.999150206153557
1584175835.63568 0.591774 9.2931 -8.39566 0.0205850932980431 0.0251304795973585 0.0282383604646001 0.999073224507287
