1 -1.73472347597681e-18 -2.50721752387273e-19 8.67361737988404e-19 1.73472347597681e-18 1 -8.67361737988403e-19 1.38777878078145e-17 2.50721752387273e-19 8.67361737988403e-19 1 5.55111512312578e-17
0.999999730452473 -0.000690561526784394 0.000249438889333253 0.00133700202164077 0.000690384856016474 0.999999511288805 0.000707665812550105 -0.0407512274303356 -0.000249927454213643 -0.000707493412968838 0.999999718494629 1.31383345928309
0.999998186305388 -0.00188190888951903 0.000292924676763691 -0.00797712442641565 0.00188161952493439 0.999997744631997 0.000985007046624801 -0.059556391326113 -0.00029477770962803 -0.000984454087331694 0.999999471977987 2.63305319163572
0.999996402127822 -0.00268059620735041 -0.000100674644813626 -0.0186962430994959 0.00268064222939238 0.999996301355517 0.00045981792473569 -0.0903254500465151 9.94416862687884e-05 -0.000460086143073888 0.99999988921604 3.95047581412835
0.999995225059903 -0.00306939032183971 0.000358748442773346 -0.0273078208329976 0.00306927501289245 0.999995238073381 0.000321529869822957 -0.108481724954341 -0.000359733635110203 -0.000320427236905771 0.999999883959042 5.26592019518968
0.999994494920827 -0.00331757783399096 -6.1687558280717e-05 -0.0250981800483577 0.00331762856108125 0.999994142797677 0.000841255650936668 -0.128320669307283 5.88962658639402e-05 -0.00084145567616292 0.999999644241724 6.59150875542245
0.999989247102039 -0.00463659535338207 -8.75432835673479e-05 -0.036085470358902 0.00463676670992195 0.999987106075453 0.00207076732595952 -0.162263083284709 7.79408446293757e-05 -0.00207115097699268 0.999997852127121 7.92915557008033
0.999988349727115 -0.00482103244366199 0.000240948579491013 -0.0427015904935085 0.00482039679186916 0.99998507283219 0.00257252552338924 -0.180158813149999 -0.000253347211821541 -0.00257133408500531 0.999996662022536 9.25466751996545
0.999992425145973 -0.00387803440905186 -0.00033241509878611 -0.0524734356320483 0.00387845596338968 0.99999166334683 0.00127703413426628 -0.20861531370059 0.000327459945242505 -0.00127831371824133 0.999999129341632 10.5785966063224
0.999999088305542 -0.00134639820491446 -0.000102956097666849 -0.0654136913404907 0.0013462979730034 0.999998625721467 -0.000967490023128509 -0.228725273331104 0.000104258583006907 0.00096735053148762 0.999999526681437 11.9127408862266
0.999998463795068 0.00170781532955863 -0.000394682535461559 -0.0778925757809563 -0.00170859838788671 0.999996555762305 -0.00199227384567011 -0.257649102382329 0.000391278740266779 0.00199294513907302 0.999997937533183 13.251538892341
0.999990620707522 0.00431861689690411 -0.000328702119416498 -0.0912699837267602 -0.00431932842761548 0.999988261199002 -0.00219564708727803 -0.279787497429184 0.000319216102236973 0.00219704626607044 0.999997535541356 14.5927157160632
0.999987364777964 0.00502471442176523 0.000150097979255945 -0.106878795542934 -0.00502449891831218 0.999986392641292 -0.00140319024953596 -0.305456741079304 -0.000157146567102223 0.00140241835278118 0.999999004263364 15.934088710642
0.999995331945016 0.00303768660895162 0.000329466604167487 -0.10561656894617 -0.00303804619952779 0.999994783990278 0.00109647960606476 -0.333523916624038 -0.000326134124250145 -0.00109747542240233 0.9999993445919 17.2920506252856
0.999998833464694 -0.00126821461889713 0.000851293680953023 -0.113396083775248 0.00126561479472633 0.999994555187873 0.00304759147501741 -0.360925819347755 -0.000855154045879909 -0.00304651051001709 0.999994993730104 18.6422382298239
0.999994975601992 -0.00316991048611318 2.09351861076032e-05 -0.113999779743235 0.00316987471511524 0.999993803650102 0.00153119420420174 -0.39430453658292 -2.57888049500398e-05 -0.00153112014895553 0.999998827502326 19.9900718914342
0.999991990881077 -0.00397262984993189 0.000486195202411009 -0.122249514943201 0.00397306241455234 0.999991709534513 -0.000891985029044149 -0.41098598342509 -0.00048264764527439 0.000893909568914809 0.999999483988333 21.3396601837494
0.99999792472112 -0.00193637824331123 0.000633239885276364 -0.124779023881453 0.00193761313182567 0.9999962111283 -0.00195534764053035 -0.456119435796473 -0.000629451193382451 0.00195657055655599 0.999997887809195 22.6976726057813
0.999998789561048 0.000584066089069929 0.00144213149245111 -0.133497614043401 -0.000582676382147405 0.999999365711557 -0.000963880032867598 -0.456418335464269 -0.0014426935473649 0.000963038570189059 0.999998495594889 24.0593059765967
0.999997039520114 0.00036493230142688 0.00240577958745937 -0.133168329282065 -0.000372469378936952 0.999995022146127 0.00313320116311975 -0.476781797275349 -0.00240462420552884 -0.00313408796656953 0.999992197607085 25.4359891876236
0.999996472127438 -0.00128199322847049 0.00232641914541571 -0.133877562453018 0.00127172732429957 0.999989472204528 0.00440887624251188 -0.497844899956845 -0.00233204680283883 -0.00440590211776335 0.999987574714925 26.8160857270679
0.999985652237264 -0.00479677093918531 0.00238459811511259 -0.14479357543411 0.00478794647778141 0.999981719807471 0.00369264396036766 -0.544700165066043 -0.00240226729143779 -0.00368117365104207 0.999990338989538 28.1873486329101
0.999983486370945 -0.00538357082097747 0.00201100736607374 -0.145437902934886 0.00538188922654291 0.999985164158763 0.000840672780914111 -0.549649457307438 -0.00201550335254105 -0.000829835879477679 0.999997624556503 29.5499663446868
0.999980471234022 -0.00546665386985692 0.00302867067379266 -0.156038371686077 0.00546946498183807 0.999984618547894 -0.000920663041480852 -0.595213804981314 -0.0030235911422612 0.0009372102702596 0.999994989754206 30.9395101098344
0.999990908228318 -0.00266648022820326 0.00332766342883879 -0.164733078480559 0.00267406225998429 0.999993834315921 -0.00227611976215818 -0.605272422845818 -0.00332157368317455 0.00228499744738597 0.999991872934442 32.306258758346
0.999992210325047 -0.0011364523517793 0.00377991604119469 -0.162421995933188 0.00115135816070911 0.999991561209508 -0.00394358772650611 -0.64672542812665 -0.00377540244372891 0.0039479090444204 0.99998508006398 33.6976467999086
0.999991994996851 -0.000293629293719013 0.00399045411649116 -0.169917848239403 0.000309111477938245 0.999992425996111 -0.00387974232464147 -0.669972738283237 -0.00398928468677757 0.00388094476246154 0.999984511817777 35.0881073756715
0.999993702426104 -0.00111917606327652 0.00336787070297044 -0.165799825466163 0.00112747477102446 0.999996330734877 -0.00246319252655157 -0.704505599253744 -0.00336510159924498 0.00246697420366429 0.999991295026864 36.4805218187985
0.999994075278866 0.000244775815437629 0.0034335829632693 -0.173867284248351 -0.00024101477161548 0.999999370631546 -0.00109574102432658 -0.73095056976685 -0.00343384901318324 0.00109490698815286 0.999993504908728 37.8756637891643
0.999990534083955 0.00281260041157116 0.00331979237483893 -0.192441598304887 -0.0028100384332285 0.999995750635736 -0.000776140756997859 -0.759141148722298 -0.00332196124164441 0.000766804665950978 0.999994188275169 39.2676540635012
0.999980833875961 0.00513332310270851 0.00346134000948407 -0.194051374454476 -0.00512980053441166 0.999986316346355 -0.00102580043135666 -0.789744935905766 -0.00346655841075929 0.00100802478690793 0.999993483408174 40.6709016534209
0.999965470664976 0.00745539918426576 0.00367076296931956 -0.203228007498809 -0.00745313528221058 0.999972026525419 -0.000630032628113882 -0.815931307885284 -0.00367535743006665 0.000602652180506922 0.999993064255003 42.0764147780511
0.999956873357688 0.00869840796284614 0.00325409336512193 -0.207193582703667 -0.00869666472673227 0.999962032330366 -0.000549472796982518 -0.842125121937021 -0.00325874935333273 0.000521149341079793 0.999994554463181 43.4778660178536
0.999968927369982 0.00727985020783452 0.00302457856230459 -0.216637884887677 -0.00727790411387967 0.999973301883642 -0.000653935498127789 -0.871656091229623 -0.00302925836422615 0.000631902585870651 0.999995212134981 44.9027994721517
0.999974926410553 0.00673778827214437 0.00217916484213635 -0.218536831726337 -0.00673524057502746 0.999976628445684 -0.00117434952136855 -0.901978261177534 -0.00218702643009935 0.00115964287674635 0.999996936067202 46.3007762787577
0.999979174466457 0.00630676633664019 0.00136942752935441 -0.221438672691849 -0.00630570582605689 0.999979816688676 -0.000777360481111787 -0.934145301994449 -0.00137430252068596 0.0007687090850148 0.999998760188693 47.7283704062991
0.999978398856127 0.00657280767090043 4.52313769815179e-06 -0.23441710925982 -0.00657280758509374 0.999978398691492 -1.87309638166035e-05 -0.962970462851894 -4.64615501511608e-06 1.87008294925884e-05 0.999999999814346 49.1481429096172
0.999972654305381 0.00733330037542193 -0.000955691925137672 -0.234722711516048 -0.0073331348818062 0.999973096618577 0.00017655554188142 -0.993409648572731 0.000956960948614849 -0.000169542496055001 0.999999527740431 50.5549678122796
0.999969430946349 0.00760565552467222 -0.0018141601019493 -0.255444465898898 -0.00760541489129892 0.999971068683012 0.000139503717444179 -1.02269676778285 0.00181516863312762 -0.00012570201269299 0.999998344679549 52.0030799804353
0.999967382094381 0.00744693962456593 -0.0031269533957583 -0.268416147925206 -0.00744318005029187 0.999971564376363 0.00121223323992603 -1.04484447859384 0.00313589190663703 -0.00118891922228312 0.999994376310703 53.405869766176
0.999973924213716 0.00621310692433887 -0.00368078727550463 -0.274195010682246 -0.00620552305409005 0.99997860669688 0.00206824374575409 -1.07254863739441 0.00369355875084469 -0.00204534860437684 0.9999910870467 54.8451495885048
0.999981392605662 0.00424919717232692 -0.00437707274696039 -0.290686105947889 -0.0042392106355214 0.999988396291832 0.0022883126702687 -1.09864602770036 0.00438674544841352 -0.00226971475739111 0.999987802355254 56.2630680047577
0.999985492952303 0.00232375277995117 -0.00485942979760534 -0.309957009836298 -0.00231497663080857 0.999995680844335 0.00181084948965711 -1.12799886633286 0.00486361677550726 -0.00179957375315668 0.999986553292677 57.6847122190259
0.999988072105352 0.00130797649255946 -0.00470583090600162 -0.319197801343509 -0.0012981136768835 0.999996955981837 0.00209831550095485 -1.15314680170414 0.00470856112871609 -0.00209218176900844 0.999986726025672 59.1396424218908
0.99998972381364 0.000165329470452867 -0.00453044515321155 -0.33687108868788 -0.000153922169841161 0.99999681760046 0.00251815347374647 -1.17958272185195 0.00453084706050531 -0.00251743026078377 0.999986566894674 60.5344370045449
0.999991617081089 -0.00155773375074769 -0.00378671798672481 -0.342185783965216 0.00157006959694186 0.999993463802898 0.00325687472003987 -1.20769476960185 0.00378161989231632 -0.00326279282870633 0.999987526689182 61.9772179468965
0.999988690938626 -0.00322131650203555 -0.00349873046224597 -0.359053330447726 0.00323167620424632 0.999990399115323 0.00295938272073454 -1.23628651520943 0.00348916376294414 -0.00297065601687363 0.999989500414412 63.3760544848115
0.999986787418086 -0.00405832756411775 -0.00315514922581913 -0.367015217876736 0.00406499989510056 0.999989509219521 0.00211121452126427 -1.26240578765593 0.00314654812575581 -0.00212401230794145 0.99999279387734 64.7861658051175
0.999989511145538 -0.0040590270592623 -0.00212176771591005 -0.384342580375335 0.0040633070753264 0.999989710993855 0.00201679003305384 -1.29522461798582 0.00211355967971196 -0.00202539027300896 0.999995715320682 66.2172563219604
0.999995491474653 -0.00239179238432267 -0.00181558793714927 -0.392604695904249 0.00239535725703359 0.999995202761685 0.00196385264912181 -1.32190251456179 0.00181088209953115 -0.0019681927767834 0.999996423455212 67.6223027871344
0.999999629282085 -4.94802333275459e-05 -0.000859643762983763 -0.408727079822716 5.19321551425275e-05 0.99999593036435 0.00285246521281302 -1.35031909606158 0.00085949912390257 -0.00285250879850633 0.999995562217558 69.0566488288959
0.999993256960059 0.00364622010197488 -0.000437165165628995 -0.422428259206375 -0.00364438000723363 0.999984795338257 0.00413854886013849 -1.37617015789707 0.000452248578727368 -0.00413692775774875 0.999991340612483 70.4530865916677
0.999975526395664 0.00697874259889433 0.000493722040713556 -0.437763622275725 -0.00698092556293753 0.999965202807749 0.00456725869014354 -1.40186390069141 -0.000461831137791712 -0.00457059354967645 0.999989448137631 71.880485401538
0.999933392540816 0.0115080647380473 0.000880299834879805 -0.446295679112823 -0.011511750549232 0.999924477942174 0.00430325590251231 -1.42570782961819 -0.000830711205314276 -0.00431310306567809 0.999990353483892 73.2822642323418
0.999889816357132 0.0147379987573991 0.0017738483382082 -0.466025425107148 -0.014744327169215 0.999884783177887 0.0036090422050379 -1.45246191443853 -0.00172045390150651 -0.0036347987478676 0.999991914105527 74.6890328687563
0.999853152978572 0.0169618428790887 0.00244302373164421 -0.477646418481644 -0.0169705684483232 0.999849521846969 0.00359631324107918 -1.47583527640013 -0.00238165600980609 -0.00363724463465035 0.999990549038399 76.0747869380888
0.999849830389875 0.0171231688015321 0.00266716319934082 -0.481089067637051 -0.017133606676821 0.999845441834713 0.00394106135338569 -1.50123490767444 -0.00259926750867899 -0.00398616765093917 0.999988677073834 77.4515190971986
0.999880176536786 0.0151678314889014 0.0030934538449231 -0.494494182520625 -0.0151793055913059 0.999877867560786 0.00372003277682735 -1.53001570408015 -0.00303665120356731 -0.00376654351086145 0.999988295881231 78.8469537265097
0.999884550738126 0.0149646652831192 0.00263514481209318 -0.497675730573281 -0.0149720537066859 0.999883973126959 0.00280675821022497 -1.55703277891602 -0.00259283686733396 -0.00284588770171289 0.999992589032623 80.2318776295147
0.999887222319224 0.0148078311694389 0.00250415231253258 -0.503322742811334 -0.0148151129527279 0.999886001765158 0.00291477311040733 -1.58611755390105 -0.00246070537547304 -0.00295154368841695 0.999992616632198 81.6304032246537
0.999898709034326 0.0140662554884423 0.00217074365631378 -0.51070194845984 -0.0140725966959044 0.999896671131188 0.00293412389008846 -1.60767023894548 -0.00212924721955456 -0.00296437468985172 0.999993339372306 83.0081823198345
0.999901868972182 0.0139402778794962 0.00138602979023642 -0.514279766145038 -0.0139441276698886 0.999898833598975 0.00280782316649133 -1.63855685812054 -0.00134674773541345 -0.0028268746082674 0.999995097513226 84.396722292786
0.99989652071673 0.0143611562485933 0.000839672425611062 -0.522176295622974 -0.0143635718840727 0.999892500616401 0.00294533763964061 -1.65953375871504 -0.000797283707295142 -0.002957093553457 0.999995309957205 85.771596114255
0.999910267653399 0.0133849536610013 -0.000547409171406415 -0.529164135893525 -0.0133828999550667 0.999903973570352 0.00359744729119272 -1.68701005536506 0.000595508270948637 -0.00358979856163008 0.999993379336176 87.1338952078605
0.999928430847707 0.0118707432363459 -0.00148950913363412 -0.54040142123675 -0.0118637892540096 0.999919070885747 0.00459371130133247 -1.71468200440141 0.00154391935633928 -0.0045757113108554 0.999988339521527 88.52825582272
0.999948461210769 0.00982999915470101 -0.0025389050461124 -0.55353671675662 -0.00981701268411663 0.999938919333949 0.00507778132785117 -1.7382303247127 0.00258866455426167 -0.0050525951621081 0.999983884919129 89.8938782179298
0.999957648576806 0.00851802887727577 -0.0034848582167716 -0.560070078680134 -0.00850006937789408 0.999950682225604 0.00513633498903376 -1.76527796743271 0.00352843780108022 -0.00510649592132229 0.999980736727508 91.2519217782225
0.999972514619361 0.00636764430054093 -0.00379777723060753 -0.578812314781754 -0.00634955190337404 0.999968525980064 0.0047571251701065 -1.78732537772725 0.00382794938026765 -0.00473288023506726 0.999981473152489 92.6204055470236
0.999975988840864 0.00548591102076539 -0.00423397236748168 -0.593067248655564 -0.00546720868160129 0.999975303036814 0.00441621395143545 -1.81427074033609 0.00425809475800823 -0.00439295990253433 0.999981285091039 94.0039639586099
0.999974204113474 0.00579550545507617 -0.0042430206392377 -0.604875169117519 -0.00577880249194045 0.99997554729203 0.00393830671293379 -1.83714261369531 0.00426574136393166 -0.00391368554257734 0.999983243117648 95.3439611560142
0.999973164130677 0.00598894767337989 -0.00421942226475617 -0.614930931179151 -0.0059750494003807 0.999976708006902 0.00329882226590301 -1.86180070960731 0.00423908045993617 -0.00327352248266678 0.999985657020844 96.7068626869812
0.999967015336602 0.00694705314602799 -0.00420793196166248 -0.634044922761325 -0.00693550048706426 0.999972157193645 0.00275384648869864 -1.89371790270801 0.0042269459189407 -0.00272457153982952 0.99998735473911 98.0665931312992
0.999960895860536 0.00809875727256655 -0.00355202483572438 -0.656155523938396 -0.00808864662866445 0.999963220314111 0.00285163369847111 -1.91543768591743 0.00357498888252083 -0.00282279111407686 0.999989625598594 99.3943312107059
0.999958460222933 0.00836837269949701 -0.00361222465297823 -0.669391128605181 -0.00835317066675508 0.999956277597182 0.00420326465980271 -1.9437804556918 0.00364724120306474 -0.0041729165281128 0.999984642081695 100.756150634728
0.999953437277834 0.00904334550632408 -0.00336766659542929 -0.679730426238914 -0.00902537437073267 0.999945151162459 0.00531387656559201 -1.96183506849785 0.00341553710459191 -0.0052832346852543 0.999980210572963 102.092958169729
0.999958090871004 0.00849843267465858 -0.00340487058366786 -0.696965801709497 -0.00848404493245574 0.999955113606165 0.00421802731921657 -1.99271784893943 0.00344056437249811 -0.00418896347034451 0.999985307442986 103.434841100819
0.999954857609364 0.0089457985267187 -0.003202410366487 -0.70687316793945 -0.00893892268915073 0.999957724935686 0.00215499480392272 -2.01335020231508 0.00322155313372482 -0.0021262714236205 0.99999255025487 104.755876057573
0.999962534443546 0.00806042900011653 -0.00315581900223173 -0.72138446788648 -0.0080575664038687 0.999967115219375 0.000918751048572862 -2.03829115336248 0.00316312075141195 -0.000893288405884512 0.999994598336879 106.091811473778
0.999975428520257 0.00617055798175473 -0.00332664544590264 -0.740441866079315 -0.00616390207914652 0.999978988230314 0.00200733879481024 -2.06959875041432 0.00333896194761711 -0.00198678435474512 0.999992451982034 107.426521377844
0.999991192251627 0.00337586297642688 -0.00249378594380594 -0.746464013223871 -0.00336645947906985 0.999987244297717 0.00376539406089393 -2.09288687079036 0.00250646558821672 -0.00375696566692122 0.99998980136761 108.768251018387
0.999997533950437 0.00128558508876301 -0.00181090143989661 -0.752570109076158 -0.00127731072409649 0.99998877384452 0.00456296638675924 -2.11766001807059 0.00181674719198284 -0.00456064205042851 0.999987949914262 110.104044709135
0.99999904118657 0.000992159685831697 -0.000966046115724319 -0.763578207574577 -0.000988721083891192 0.999993197672631 0.00355345452840864 -2.14497126123435 0.000969565138690909 -0.00355249597114609 0.999993219834923 111.417950528615
0.99999572792252 0.00292283494660465 -3.42430123924375e-05 -0.774956199236692 -0.00292279086024286 0.999994980020384 0.00122361252773398 -2.16517868382683 3.78192579503775e-05 -0.00122350721520281 0.999999250799618 112.738001178685
0.999984181634198 0.00553477205347565 0.00100138888520448 -0.782068995902336 -0.00553409731102727 0.999984458729108 -0.000675327479883545 -2.19908357902135 -0.00100511110601115 0.000669775013769529 0.999999270576282 114.076935831009
0.999965357465395 0.00798269703012666 0.00235805369535487 -0.793073282911635 -0.00798030949868288 0.999967636422085 -0.00102018073599276 -2.21869391006575 -0.00236612117403178 0.00100132739604286 0.999996699401571 115.393834883513
0.999952889782464 0.00892368938285123 0.00381916005138048 -0.801596144543175 -0.00892732533581675 0.999959712531496 0.000936042882150218 -2.24785747574924 -0.00381065323116086 -0.000970093669254645 0.999992268890227 116.736502326389
0.999952282307449 0.00854996881337419 0.00472558371146535 -0.804276871149905 -0.00856411985860751 0.999958879483177 0.00298248114770847 -2.26938254155753 -0.00469988927222146 -0.00302280929589689 0.999984386710507 118.025224725574
0.999949528685729 0.00832158912563419 0.00562949692357933 -0.803138193903084 -0.0083415039604194 0.999959001622656 0.00352340538375982 -2.30059751941382 -0.00559994579141351 -0.0035701860237426 0.999977946946276 119.398007454956
0.999938770992375 0.00885851318280906 0.00663181803493567 -0.805611925606744 -0.00887733018683087 0.999956638116157 0.00281334252922323 -2.32281283619751 -0.00660660843492949 -0.00287204310948716 0.999974051710026 120.739935396235
0.999917697981837 0.00993254926988552 0.00812045120087884 -0.809729510669144 -0.00995343478345741 0.999947248522237 0.00253560817547506 -2.34629661023031 -0.00809483778194586 -0.00261622587124514 0.999963813827018 122.054813278825
0.999893278700619 0.0115164821372255 0.008988984843087 -0.810110963720518 -0.0115360166200468 0.999931201382927 0.0021243402359502 -2.36440322564812 -0.0089639014869802 -0.00222781060214709 0.999957341755163 123.385747891739
0.999867025863365 0.012429985161233 0.0105558543018108 -0.812647361744248 -0.0124432470091902 0.999921869792315 0.00119160182508835 -2.39079198327842 -0.0105402179777179 -0.0013227924753349 0.999943575420658 124.733658055159
0.999832747865773 0.0143544214132114 0.011332558452034 -0.799683783927146 -0.0143606941636614 0.999896768354663 0.000472331492064021 -2.41801484369639 -0.0113246085280953 -0.000634995899635388 0.999935672941961 126.063580935809
0.999834205400309 0.0133859293098868 0.0123441730400387 -0.798519861947268 -0.0133886758651555 0.99991035787794 0.000139882049347 -2.44733340956503 -0.012341194030948 -0.000305130989315093 0.999923798009113 127.400439073398
0.999829508479601 0.0127291177687578 0.0133762301964304 -0.792533767242191 -0.0127423523270633 0.999918403708028 0.000904645323538746 -2.47524101588676 -0.0133636234087836 -0.00107493572715293 0.999910125002528 128.747231808875
0.999836470606915 0.0114902550190823 0.0139644578807823 -0.782416052843118 -0.0115156602611064 0.999932178282589 0.00174023095826398 -2.49636905406698 -0.0139435150897635 -0.00190075633203716 0.999900977853461 130.079075520164
0.999832845209281 0.0110768360567459 0.0145459734526948 -0.769063572451806 -0.0111079298353136 0.999936186057911 0.00205856909836899 -2.52384765136739 -0.0145222427843731 -0.00221980065118104 0.999892082651713 131.405922280822
0.999852139037636 0.00943696585262371 0.0143751082555974 -0.760779768885505 -0.00947049175808944 0.999952586543293 0.00226593275216061 -2.54916229919801 -0.014353043152018 -0.0024017370534195 0.999894105298857 132.768792585516
0.999870862673015 0.00760167357541632 0.0141588324509541 -0.75374096456192 -0.00764333414005111 0.999966611418228 0.00289058678646223 -2.56782208843027 -0.014136386410427 -0.00299843419126685 0.999895580534115 134.101671786477
0.999891103164591 0.00557303579226328 0.0136646655413142 -0.738294812227714 -0.00561084863261703 0.999980531390648 0.00273042438087013 -2.59724615883303 -0.0136491827564761 -0.00280679741626339 0.999902906135563 135.44756011578
0.999909720148582 0.00507301197507494 0.0124425118800647 -0.726229627840674 -0.00511084308740594 0.999982407745323 0.00301056187497926 -2.62488877464727 -0.0124270203717834 -0.0030738818077327 0.999918056850316 136.772425047193
0.999930456262487 0.00272985978482339 0.0114730337857952 -0.72476426860737 -0.00277423512516226 0.999988726393907 0.00385366118926327 -2.64444666554741 -0.0114623844886267 -0.00388522208458179 0.999926756713305 138.112278525771
0.999944954229421 0.00206211849416094 0.0102876711863188 -0.715855149457936 -0.00210190646563744 0.999990347989007 0.00385822731762354 -2.67101100229152 -0.0102796157676971 -0.00387963866111064 0.999939637129926 139.4611647809
0.999957782431961 0.00127021407197143 0.00910054448734273 -0.702206525339034 -0.00130547705397865 0.999991659654419 0.00386992910305273 -2.6901775490405 -0.0090955529472525 -0.00388164627606445 0.999951100673814 140.808106719919
0.999967942586392 0.0015026482781993 0.00786484886631845 -0.703832349557723 -0.0015314591341747 0.999992134960373 0.00365850383571824 -2.71701917143333 -0.00785928956448092 -0.00367043124818282 0.999962379043329 142.160986910725
0.999976283462146 0.00113328186378089 0.00679324557567175 -0.697613530445521 -0.0011530466956433 0.99999511201883 0.00290627283045965 -2.73308838196148 -0.00678991874412533 -0.00291403683309378 0.99997270232381 143.491991012587
0.999981945682688 -0.000139906251437278 0.00600739002447018 -0.69691045273827 0.000133262028982251 0.99999937906635 0.00110639420953365 -2.7628405401616 -0.00600754108574603 -0.00110557367735797 0.999981343404439 144.830973807122
0.999979042710952 -0.0041655805882131 0.00495601425040335 -0.697443560890274 0.00416476998610077 0.999991312192619 0.000173868474831979 -2.79649868614567 -0.00495669545664982 -0.000153224171619328 0.999987703770653 146.176865436359
0.999917404998926 -0.0122073466946857 0.00402043118203486 -0.68553566628457 0.0121974837567203 0.999922560566832 0.00246865539826028 -2.81718180957041 -0.0040502555744393 -0.00241941235562712 0.999988870874889 147.529619247724
0.999792736813312 -0.0202374191459675 0.00222042375648306 -0.678112149498883 0.0202287511797706 0.99978792990754 0.00385912385174498 -2.83826255165147 -0.00229805157793569 -0.0038134075977541 0.999990088391599 148.875432575442
0.999750354551468 -0.0223138194724255 0.00114979770693616 -0.670946991795254 0.0223122877693078 0.999750167654203 0.00132819045816812 -2.870346412112 -0.0011791474523864 -0.0013022042641518 0.999998456936479 150.224467436117
0.999761125233661 -0.0217950739743164 0.00163316318142841 -0.67466772090048 0.021798472143558 0.999760194968857 -0.00209264618121232 -2.90138660985113 -0.00158716216235923 0.00212774676296101 0.999996476798785 151.552545676669
0.999803091935351 -0.0197081530829006 0.0023164754635668 -0.688366518493153 0.0197182535654467 0.999795799723366 -0.00442146263616281 -2.92246329333558 -0.0022288635761525 0.00446626886508095 0.999987542227194 152.875583656647
0.999822085974562 -0.0185683645743539 0.00331846869942599 -0.692084250596632 0.0185825574738214 0.999818088982114 -0.00429854648533446 -2.96453722642675 -0.00323804805512755 0.00435944734895788 0.999985255023095 154.241320700182
0.999763540110944 -0.0214166639906578 0.00376701053158076 -0.690644071418721 0.0214225911501789 0.999769323602766 -0.00154018546960494 -2.98896450195462 -0.00373315593647717 0.00162052040399614 0.999991718695897 155.554987866853
0.999625785516438 -0.0270102781957577 0.00432825628082624 -0.67537159759196 0.0270025465408782 0.999633680676124 0.00183492185454753 -3.02226076122163 -0.00437623250667069 -0.00171736125854949 0.999988949568621 156.894575024338
0.999537673811989 -0.0301254936753264 0.00411014127925625 -0.663433353394097 0.0301134018312263 0.999542067894513 0.0029727999110147 -3.04953741095787 -0.00419781617852368 -0.00284765517183877 0.999987134516916 158.268367051632
0.999487483538923 -0.0317230800007762 0.00429143848789789 -0.658611713093443 0.0317094569813009 0.999491986513274 0.00320612440514299 -3.08332679358902 -0.00439096652026537 -0.0030684020294892 0.99998565205807 159.609169494624
0.999525736000794 -0.0303554415271427 0.00518172189181783 -0.664200248882949 0.0303372214302676 0.999533383128321 0.00355935498985498 -3.09976739439896 -0.00528734980522765 -0.00340046787150075 0.999980240179921 160.961051395765
0.999577698212529 -0.0283621047805012 0.00632583975146144 -0.664257368847195 0.0283433814674807 0.999593653055389 0.00303009873944864 -3.11391735097425 -0.00640920924374984 -0.00284952343415693 0.999975400823974 162.296023613638
0.999660488307144 -0.0249737496598689 0.00743101241068897 -0.674126121000585 0.0249670596900196 0.999687782490669 0.000991700218692131 -3.13928128427889 -0.00745345879150155 -0.00080583299445713 0.99997189789775 163.6580190082
0.999728055355986 -0.0218934142552763 0.00803079985958631 -0.671531185041249 0.0218932211309806 0.999760308439687 0.000111969158079713 -3.16357178934413 -0.00803132633179905 6.38813685176924e-05 0.999967746338112 165.010958033323
0.99974678492415 -0.0209130494609776 0.00830724960909269 -0.675933477366875 0.0209030642672938 0.99978067870781 0.00128700691076273 -3.18056957655359 -0.00833234289155528 -0.00111303404874689 0.999964665984326 166.359778748112
0.999773226930117 -0.0196118972644802 0.00829868660858769 -0.675552057159762 0.019602254512084 0.999807086271905 0.00124171596040826 -3.20776512626709 -0.00832143808386293 -0.00107876140565044 0.999964794351304 167.728636923111
0.999810027116488 -0.017957617382032 0.00757849954069451 -0.674162476782899 0.0179658219415342 0.999838085467378 -0.00101591874320532 -3.23493271803779 -0.00755902899140168 0.00115187971952438 0.999970766699616 169.085668774003
0.999878599914253 -0.0137683083692394 0.00729514346423247 -0.678266518149346 0.0137981139296209 0.999896594512502 -0.00405121392760833 -3.26879979778596 -0.00723861074374111 0.00415138133054255 0.999965183667686 170.443698590894
0.999943372778407 -0.00797084654820754 0.00705101707902581 -0.680744816479881 0.00800824467758264 0.999953931918578 -0.0052916970585619 -3.30578171920308 -0.00700851294696351 0.00534786367445461 0.999961139795138 171.834575698891
0.999966890188028 -0.00373387223226606 0.00723026457590264 -0.680534207549776 0.00376761789376954 0.999982047843976 -0.00465929663937918 -3.33339132620316 -0.00721273755872122 0.00468638324513639 0.999963006430232 173.183377024924
0.999968743295568 0.000541152682445969 0.00788793925284497 -0.686662287536227 -0.000520683505159944 0.999996492702539 -0.00259681946024506 -3.36394805390592 -0.00788931686331239 0.00259263117236807 0.999965517877009 174.576037948835
0.999969636735608 -0.00023891121751981 0.00778900046771841 -0.698507079549693 0.00024006124199461 0.999999960422999 -0.000146712648428314 -3.39040134858312 -0.00778896510815567 0.000148578030879557 0.999969654513132 175.985693960964
0.999972279502981 -0.00182308941664331 0.00721918074236018 -0.693405154675688 0.00181685261765115 0.999997970736575 0.000870384569288696 -3.42179209560671 -0.00722075288163742 -0.000857244254366784 0.999973562580587 177.371460079601
0.999975807972726 -0.00433903672855838 0.00543656413208287 -0.688296585526968 0.00433437320739472 0.999990228719416 0.000869295455429618 -3.44189570759253 -0.0054402829147984 -0.000845710327495868 0.999984843933071 178.719384471343
0.99998393076833 -0.00441291055646605 0.0035587112189765 -0.687964816617157 0.00442348131635431 0.999985811765133 -0.00296800968207362 -3.48270393436036 -0.00354556316588818 0.00298370388102588 0.999989263188854 180.098452989051
0.999995485063413 -0.00225383593142002 0.00198747990770911 -0.697273932860484 0.0022677678443595 0.999972677912061 -0.00703567042904623 -3.51754253431638 -0.00197156835879368 0.00704014580646641 0.999973274275483 181.505551311664
0.99999685778215 0.00214507687107281 0.00129733227981415 -0.708642834332218 -0.00213448435706975 0.999964820357232 -0.0081118447013264 -3.54558565349185 -0.00131468717057855 0.008109050076686 0.99996625688295 182.871461059319
0.999984182128376 0.0054495672107009 0.00139201661621165 -0.721057082027344 -0.00543960624216532 0.99996026827809 -0.00706204992481191 -3.5787848603268 -0.00143044642470515 0.00705436619593805 0.999974094534753 184.248176168447
0.999977463393156 0.00660769559781734 0.00118788243319757 -0.732895627306711 -0.00660269467606509 0.999969525238932 -0.00416569519291059 -3.60759754324035 -0.00121537187855228 0.00415775808725834 0.999990617915431 185.674787658709
0.99997987416691 0.00611140014767295 0.00170354024482964 -0.739710482314183 -0.00610808774070232 0.999979458003857 -0.00194289332276344 -3.64091032813116 -0.00171537904925215 0.00193244884713148 0.999996661552513 187.080422355897
0.999974479418807 0.00689520241636476 0.00186994511209235 -0.748461280891782 -0.00689318820797395 0.999975656901042 -0.00108146274043804 -3.6718570906547 -0.00187735649633451 0.00106854525728413 0.999997666869088 188.461171085066
0.99998453116424 0.00529194666925772 0.0017125223168688 -0.75261301877809 -0.00529093912854546 0.999985827451419 -0.000592333892181409 -3.69899728523045 -0.00171563264543089 0.000583263878130887 0.99999835820259 189.906984987478
0.999994959315719 0.00261289236162722 0.00180392257598187 -0.755145328074472 -0.00261272110722073 0.999996582106229 -9.72845079426832e-05 -3.72695799905656 -0.00180417060431384 9.25708709721334e-05 0.999998368198201 191.305793633778
0.99999756302831 0.000716122749403681 0.00208832603975136 -0.758362167461328 -0.000716068014028261 0.999999743259907 -2.69577424241216e-05 -3.75721336016103 -0.00208834480864696 2.54622932489382e-05 0.999997819081438 192.714617041585
0.999994189544037 -0.0022735870534579 0.0025400157626825 -0.75843810342052 0.00227157089617488 0.999997102883275 0.000796360923549201 -3.78468139243459 -0.00254181899984602 -0.00079058647044679 0.999996457058326 194.122406677776
0.999970601999427 -0.00713216425970318 0.00281555853712486 -0.752194595404002 0.00712630349104003 0.999972431532468 0.0020861384414464 -3.80615170280181 -0.00283035959852362 -0.00206601258851497 0.999993860309416 195.532212951733
0.999940952234444 -0.0103844966639331 0.00320222945925286 -0.757350625413512 0.0103770018251203 0.999943400043608 0.00234830627256915 -3.83571421744736 -0.0032264341918585 -0.00231493806938779 0.999992115560988 196.958023039098
0.999963666155331 -0.00788282797979717 0.00324459430898693 -0.759512843228217 0.00788822897363927 0.999967517558328 -0.00165519542491066 -3.86465866114936 -0.00323144129583402 0.00168072938813305 0.999993366445936 198.372165552578
0.99999215696946 -0.000927989513196612 0.00385030323873582 -0.773623447350274 0.000953067811181783 0.999978312451669 -0.00651661630445428 -3.89774902994269 -0.00384417238350618 0.00652023479451371 0.999971354028159 199.801311621477
0.999962246351208 0.00719748569885604 0.0048684773657927 -0.785247030823276 -0.00716356210859924 0.999950189748602 -0.00694992083775405 -3.91647306878938 -0.0049182568215491 0.00691478281289944 0.999963997616158 201.214221659685
0.999879691736276 0.0142110704184747 0.00621671383692321 -0.801206288691128 -0.0141876255887994 0.99989213269754 -0.00379924330840402 -3.9494678408959 -0.0062700345709641 0.00371058581972715 0.999973458757458 202.69076500515
0.999857492374417 0.0152479322253417 0.00724537822303081 -0.805999559591904 -0.0152391116265473 0.999883070098556 -0.0012710653484786 -3.98129088804543 -0.00726391213995684 0.0011604710844565 0.999972944077631 204.099383665492
0.999874148969028 0.0143648566812255 0.00673328419047203 -0.806460279902884 -0.0143588939541311 0.999896470413823 -0.00093306933983211 -4.01234200415144 -0.00674599050368651 0.000836269398439709 0.999976895865908 205.563194567836
0.999927087821056 0.0107816764215951 0.00543824376445054 -0.802221560840325 -0.0107774274113115 0.999941593755482 -0.000810022308841311 -4.0424368105157 -0.00544665953548368 0.000751352970933397 0.999984884570071 206.994043511702
0.999947357430567 0.00924240601614205 0.00445648949956201 -0.797604722752658 -0.00923764179906825 0.99995673968593 -0.00108845334137221 -4.07614316396876 -0.0044663566381372 0.00104722858871335 0.99998947742997 208.437895799302
0.999939095597782 0.0102809842319905 0.00401328522663517 -0.803371065952837 -0.010272842262929 0.999945143629719 -0.00204412406232492 -4.1037727625815 -0.00403408067962772 0.00200277172008148 0.999989857497819 209.904813955316
0.999926954927306 0.0114648823800851 0.00382639279418417 -0.809576294569535 -0.0114580306288595 0.999932720433978 -0.00180779966063974 -4.13494133652477 -0.00384686156661354 0.0017638246839483 0.999991045249192 211.348616532249
0.999919661830281 0.0121518020878881 0.00360604925551194 -0.815262101944084 -0.0121477508666167 0.999925559809004 -0.00114323642906251 -4.16436903627927 -0.00361967320334225 0.00109933919557153 0.999992844684018 212.829400515824
0.999929948174577 0.0113864329287613 0.00323231940676622 -0.823115174147682 -0.0113820006348636 0.999934261897451 -0.00138634236279769 -4.19796767442508 -0.00324789241455189 0.00134945498544462 0.999993815063926 214.298222893752
0.999920611915164 0.0122347095347468 0.00301359416709499 -0.821187022068029 -0.0122279935213165 0.999922733002047 -0.00223700696477227 -4.23171742478383 -0.00304073044616185 0.00219997916312246 0.999992957000216 215.738105518434
0.999935456615706 0.0110004066634186 0.00284141795214415 -0.835764791670278 -0.0109929921127676 0.999936163691517 -0.00261202341127876 -4.26074247972715 -0.00286996988624967 0.00258061913731094 0.999992551811122 217.229953934869
0.999933612113361 0.0113156041872683 0.00217450403647862 -0.833123587897834 -0.0113100062813176 0.999932738148355 -0.0025696180746327 -4.29085804606319 -0.00220343455635571 0.00254485382880793 0.999994334281523 218.669797885429
0.99993438083521 0.0112885166094773 0.00195023497654686 -0.851203105342534 -0.0112829269436427 0.999932273501854 -0.00285376400521027 -4.32424389545015 -0.00198231765633368 0.00283157238483642 0.999994026289427 220.1436042187
0.999936825769002 0.011085239254625 0.00186062937765472 -0.850142843570636 -0.0110795989804199 0.999934074569156 -0.00301479716698456 -4.35675197380458 -0.00189392646276155 0.00299399168213632 0.99999372450849 221.614441644669
0.999923435768755 0.0122985688544205 0.00136667645858424 -0.859850689908948 -0.0122941049096939 0.999919214116458 -0.00322803735951202 -4.3881709256303 -0.00140626629014961 0.00321098814355372 0.999993855966257 223.113273044967
0.99992129209484 0.0125179630943258 0.000842742756855156 -0.863823911597025 -0.012514901007301 0.999915399196792 -0.00354565958567881 -4.42412417248881 -0.000887055895979599 0.00353483367206375 0.999993359019323 224.584093196714
0.999919122370592 0.0127004549482217 0.000668701527379738 -0.882101128215881 -0.0126979961894688 0.999913036215015 -0.00356102513922277 -4.45655741761287 -0.000713870013914076 0.00355224596250469 0.999993435947569 226.08988557075
0.999923225873992 0.0123780030542497 0.000572187154408 -0.884224625647818 -0.0123758736937987 0.9999169851886 -0.00358615137118695 -4.49494528484879 -0.000616529047024845 0.00357879473159752 0.999993406038362 227.591669563202
0.999925393540306 0.0121962910083359 0.000676637941894302 -0.896035406958361 -0.0121935410232155 0.999917935122895 -0.00392944994642043 -4.5267007310671 -0.00072450712873399 0.00392090617156903 0.999992050760512 229.059500053315
0.999942049795547 0.0107420550257247 0.000710847735559295 -0.907060266359485 -0.0107394809535582 0.999936095936057 -0.00353094789036404 -4.56632478244183 -0.000748731946031405 0.00352310913549496 0.999993513530209 230.568227550928
0.9999601375699 0.00889882644565764 0.000730861871932216 -0.906375859818149 -0.00889668990001417 0.999956286885567 -0.00287632175752107 -4.60008284670298 -0.000756425811805622 0.00286970484891174 0.999995596297339 232.054995347373
0.999962186860814 0.00866001136104079 0.000793127836363483 -0.914784099487553 -0.00865794229143008 0.999959201173996 -0.00257604789196404 -4.63240434986341 -0.000815404081689883 0.00256908362846959 0.999996367456149 233.558781732103
0.999960266575159 0.00888918200177277 0.000669114547024242 -0.927542044376919 -0.00888714968540399 0.999956064034583 -0.00298137064679588 -4.6634243494221 -0.000695587095124756 0.00297530566559327 0.999995331846499 235.072622412343
0.999949992727988 0.00994026505190945 0.00109689288189357 -0.9321263757433 -0.00993644566428262 0.999944735176811 -0.00343418691071311 -4.69940170280254 -0.00113096899043268 0.00342311595987365 0.999993501572019 236.56844554363
0.99994203398284 0.0106661245905279 0.00147053067984107 -0.945405739156788 -0.0106620983857839 0.999939461225565 -0.00271910682731635 -4.73471731177567 -0.00149944398791105 0.00270327026873556 0.999995221987376 238.064170177378
0.999947093488414 0.0100536523085866 0.00217584450984759 -0.948838962963984 -0.0100514403507038 0.999948957497931 -0.00102515641597727 -4.75777550515266 -0.00218604001546785 0.00100323180722434 0.999997107373312 239.571917245381
0.999947907701586 0.00984536000951035 0.00269272529291466 -0.957548273050878 -0.00984439383429896 0.999951473649272 -0.000371828839158088 -4.79350214186119 -0.00269625541356611 0.00034530122146821 0.999996305480081 241.076651071987
0.99994296154394 0.0101905324480391 0.00319792231924935 -0.95872718587075 -0.0101848306957567 0.999946523597279 -0.00179420439603895 -4.8226024877169 -0.00321603520398378 0.00176153175999061 0.999993277039114 242.579597638569
0.999936639407167 0.0105464213500033 0.00393575504940934 -0.969134500755499 -0.0105355803273494 0.999940676018628 -0.00276513843695735 -4.85966571557427 -0.00396468387979735 0.00272349777267489 0.999988431853897 244.111439953464
0.999930017439671 0.0111927265671388 0.00383185269699796 -0.976731531692604 -0.011182149690254 0.999933639345546 -0.00277063773831592 -4.88668362601271 -0.00386260940336678 0.00272759549154441 0.999988820173221 245.637286399866
0.999925570839524 0.011577616497896 0.00384858122935055 -0.9742977911194 -0.011571443495722 0.999931732451343 -0.00162238475145053 -4.92555378385471 -0.00386710184460854 0.00157773035848138 0.999991278107084 247.17198782738
0.999921818590966 0.0119429904549165 0.00370427924549836 -0.986701760853765 -0.0119381446962599 0.999927856598294 -0.00132751646038751 -4.96108343904263 -0.00371986652260787 0.00128319045165201 0.99999225797769 248.705748260088
0.999916731592266 0.0124393526162477 0.00343400470705655 -0.979288703885365 -0.0124354383695615 0.999922005418798 -0.0011588579749952 -4.9966873068101 -0.00344815231628069 0.00111605812484145 0.999993432308366 250.250555625395
0.999891047781859 0.0143192597331255 0.00358488024777989 -0.991411837487583 -0.0143160531162084 0.999897098146925 -0.000918553499788582 -5.02684046950682 -0.00359766436310159 0.000867132085304836 0.999993152423094 251.788352811403
0.999874829651867 0.0153639493881317 0.00377810638408422 -0.992438110091173 -0.0153606609503707 0.999881614948455 -0.000897877072444458 -5.06005410563761 -0.00379145405066299 0.000839730473658371 0.99999245983603 253.314166939962
0.999870995835094 0.0155691748951846 0.00394873154576243 -1.00089214475068 -0.0155667482525632 0.99987862309816 -0.000644530968364611 -5.08401676826364 -0.00395828707633304 0.000582978911295442 0.999991996017473 254.834010063656
0.999896895864377 0.0138836340194607 0.00366638066729554 -1.00194992370846 -0.0138821941612767 0.999903550380498 -0.000417877665752513 -5.12191930009575 -0.00367182870685145 0.000366937172544441 0.999993191492352 256.35378280937
0.999920251384948 0.0121164379357409 0.00356129218286773 -1.00853637028117 -0.0121172517794067 0.999926561976064 0.000207036333847874 -5.1449192965133 -0.00355852210571765 -0.000250172897026826 0.999993637146729 257.917611408949
0.999950928769489 0.00921626435158958 0.003633252597592 -1.00554333614943 -0.00922026640568362 0.999956902390877 0.00108630025809164 -5.18204755488564 -0.00362308438274793 -0.00111974650887021 0.999992809687805 259.432344770198
0.999962508040466 0.0080129150551924 0.00328263700982737 -1.00414297103828 -0.00801402231220942 0.999967834623122 0.000324292343698962 -5.20667460930109 -0.00327993289556769 -0.000350587311583176 0.99999455954957 260.963283262944
0.999963122674119 0.0078991735835305 0.00336991817739941 -1.00855330803594 -0.00789775022213911 0.999968717463729 -0.000435471438374611 -5.24698894588561 -0.00337325262229418 0.000408840607318319 0.999994226991388 262.491105329408
0.999979337029231 0.00519197850263213 0.00379062973754696 -1.0065313132756 -0.00519599277770117 0.99998594956426 0.00104992052984111 -5.2737965752866 -0.00378512531272701 -0.00106959492010312 0.999992264366617 264.031856115105
0.999987542087358 0.00286863186449891 0.00408492610835705 -1.00965060478691 -0.0028798702238043 0.999992077503438 0.00274795885214258 -5.29360601098751 -0.00407701086321841 -0.00275968867537715 0.999987880976983 265.563626322363
0.999988271148765 0.00221386604685271 0.00430770960383724 -1.00769688032776 -0.00222356629721073 0.999995000324996 0.00224835004704642 -5.33156080171952 -0.00430271052085862 -0.00225790215437646 0.999988194210329 267.117456184467
0.999988278532226 0.00171021214013688 0.00452967687487418 -1.0062813802634 -0.0017162828973018 0.999997633839403 0.00133667071936596 -5.36145447942354 -0.00452738016643962 -0.00134442925857384 0.999988847607211 268.661368270447
0.99998392779592 0.00207999379230955 0.0052742559350309 -1.01971955397842 -0.00208548457514732 0.999997288966103 0.00103576760495574 -5.38700554084622 -0.0052720872461557 -0.0010467503372853 0.999985554600565 270.194229931883
0.999974506526919 0.00356170887484332 0.00618874188637735 -1.01998158831143 -0.00356909724638138 0.999992930758279 0.00118320679209058 -5.41540304574908 -0.00618448389853284 -0.00120526484966531 0.999980149550755 271.714061154529
0.999959244257612 0.00571442217748156 0.00698964969964409 -1.02099034273638 -0.00571971357202174 0.999983370511019 0.000737277475893914 -5.44967466165464 -0.00698532035058223 -0.00077722622185377 0.999975300304462 273.262898620621
0.999942774554003 0.00681565254484119 0.00824587761429576 -1.01700155560816 -0.00681910698514162 0.999976673221821 0.000390886358946839 -5.47708436002078 -0.00824302111893065 -0.000447093511938881 0.999965925774586 274.809778532319
0.999938925530181 0.00657652362597409 0.008882260215967 -1.02555687067088 -0.00657780531366012 0.999978359381455 0.000115091398834602 -5.50374088039719 -0.00888131109705826 -0.000173510148134337 0.999960545325377 276.360640629556
0.999923220138055 0.00735581346270654 0.00997225335841249 -1.01487522091213 -0.00735328944791702 0.99997292222418 -0.000289745974795937 -5.53692560609545 -0.00997411464931379 0.000216394862747624 0.999950233866779 277.892500326663
0.999915158223057 0.00723707049038105 0.010830566304465 -1.00550100775876 -0.00722931468894082 0.999973583081045 -0.00075508223762245 -5.57028787526237 -0.0108357447776524 0.000676720603029256 0.999941062605361 279.435363714672
0.999908029519049 0.00703092887032262 0.011597350669571 -0.998892258259653 -0.00702390523016835 0.999975123252179 -0.000646244617890104 -5.60487596429667 -0.0116016058651442 0.000564726490437689 0.99993253963722 280.978171523652
0.999909615991151 0.00532661429493325 0.0123445141087549 -0.996205565941021 -0.00533528165626731 0.999985543301296 0.000669296691211682 -5.63245810046743 -0.0123407705625108 -0.000735097657173594 0.999923579586639 282.507927539481
0.999911401323194 0.00448366869928047 0.0125334041218266 -0.972281734550075 -0.00449450119729618 0.999989550012107 0.000836256881089505 -5.66751527853286 -0.0125295236491029 -0.000892514189668117 0.999921104115494 284.087767064693
0.999911333080714 0.00330227918159142 0.0129004235960343 -0.958218822669752 -0.00328328645094653 0.999993495233676 -0.00149315786740082 -5.70657497255002 -0.0129052705059337 0.00145066968768837 0.999915671219641 285.627748342708
0.999916977541605 0.00337536409900504 0.0124356319204638 -0.950656566039235 -0.00333375040589298 0.999988779566951 -0.00336553835681416 -5.73635627859881 -0.0124468523046318 0.00332380164858357 0.999917010661539 287.156748594163
0.999926863022021 0.00306888015907031 0.0116983153278748 -0.93762766520669 -0.00302812318680061 0.999989289738444 -0.00350012547890323 -5.76739401737309 -0.0117089315014944 0.00346444555041232 0.999925446490948 288.701624254543
0.999939652219759 0.00085915920391378 0.010952340575847 -0.935721752885728 -0.000820608257116941 0.999993454378766 -0.00352389013887934 -5.8016105000618 -0.0109552964686203 0.00351468989882035 0.999933812026676 290.245452007541
0.999949903305665 0.00188405539525642 0.00983062634109226 -0.920981898291534 -0.00184237582619486 0.999989283829094 -0.00424710234037147 -5.84316260663013 -0.00983852277049887 0.00422877786625654 0.99994265880972 291.808308506767
0.999950518902561 0.00200372570184361 0.00974396376278482 -0.915901589554459 -0.00195998540908326 0.99998797015972 -0.00449644226475195 -5.87799530797459 -0.0097528561813898 0.00447712174905242 0.99994241693067 293.370146874397
0.999960630053266 0.00184560216333346 0.00867940643879144 -0.913979206610326 -0.00180994727835339 0.99998989929613 -0.00411404868281168 -5.90898778223358 -0.00868691166782629 0.00409817744487256 0.999953870189673 294.94196632998
0.999968100437455 0.00132353811257487 0.00787695082964074 -0.92047375728174 -0.00129360238914937 0.999991926905089 -0.00380430249916747 -5.94925817922271 -0.0078819223776185 0.00379399150116952 0.999961739732137 296.492712607479
0.999976312062768 0.00125525267318852 0.00676754416849404 -0.913464165565485 -0.00123694405906186 0.999995566005892 -0.00270886285194487 -5.98447937481527 -0.00677091446857927 0.00270042761101801 0.999973430851029 298.071460598819
0.99997677256328 0.00259224112735778 0.00630354026424671 -0.905493507363269 -0.00258397719991018 0.999995791920121 -0.00131878879300795 -6.01877385463138 -0.0063069323569933 0.00130246995660318 0.999979262873114 299.633187423478
0.999971873234377 0.00243654876404263 0.00709337509593766 -0.913782479908457 -0.0024266845362434 0.999996077132405 -0.00139890026877619 -6.0460226136338 -0.00709675575828727 0.00138164753858111 0.999973863212327 301.211031269012
0.999961787313757 0.00363874929884661 0.00794879964630558 -0.911532706780199 -0.00362630895094099 0.999992178428954 -0.00157891238099715 -6.07893694132157 -0.00795448274052371 0.00155002724320709 0.999967161270747 302.799864041605
0.999961073343278 0.00285462812226417 0.00834882605173896 -0.910230815278682 -0.0028393902674051 0.999994282671521 -0.00183643327668294 -6.11483551541024 -0.00835402065283429 0.00181265621503962 0.999963461640663 304.387686454555
0.999961600955378 0.000941494524792283 0.00871264614328107 -0.904579623165306 -0.000917920238447416 0.999995908391265 -0.00270935844169975 -6.14655238410468 -0.00871516134068056 0.0027012568906987 0.999958373720635 306.00059174493
0.99995984432012 -0.000729964722023154 0.00893179146568898 -0.896452527381787 0.00077081087424343 0.99998925798501 -0.0045705322649288 -6.18519181357452 -0.0089283591929369 0.00457723345408651 0.999949665401228 307.610530851283
0.99995963495911 -0.00130358799974755 0.00888983187527592 -0.894167478130479 0.00135364987563979 0.999983248320057 -0.00562767370075278 -6.22178144620216 -0.00888234678775479 0.00563948025928616 0.999944648557083 309.217413393971
0.999977591340989 -0.000148784262638581 0.00669288272099793 -0.889780290665777 0.000191337841936938 0.999979770402727 -0.00635784359198673 -6.26103183895617 -0.00669180137960509 0.00635898172297381 0.999957390665094 310.804273629226
0.999990160550066 0.000330768183547663 0.00442373094373656 -0.888152673699 -0.000304306390464256 0.999982066653452 -0.0059811177142001 -6.30393317728658 -0.00442562997487842 0.00597971269369593 0.999972328034844 312.435024266455
0.999988869355833 0.00180609387139676 0.00435880595703903 -0.892886548996365 -0.00179232419702395 0.99999339815647 -0.00316088871180225 -6.33527469026694 -0.00436448604261468 0.00315304113568781 0.999985504691533 314.045640076252
0.999989439499795 0.000696702569590811 0.00454263078128887 -0.888633943864309 -0.000696486214610084 0.999999756242661 -4.92094576771936e-05 -6.37100005903743 -0.00454266395834489 4.60450582834746e-05 0.999989680988766 315.676219391575
0.999987469932433 -0.000441567791852381 0.0049864813262461 -0.891177527154796 0.000438129739307125 0.999999665594229 0.000690545988721604 -6.40161347997945 -0.00498678458160538 -0.000688352610370179 0.999987328994833 317.300994692446
0.999987689640312 -0.00100815181229741 0.00485841514841905 -0.880870078739644 0.00101003966722773 0.999999415359148 -0.000386136286861992 -6.43788394331808 -0.00485802302399369 0.000391038725405176 0.999988123279979 318.947898805693
0.99998330226797 -0.00175855136548119 0.00550478722036981 -0.887100316494852 0.00176117146575619 0.999998338142025 -0.000471156298070506 -6.46797537060001 -0.00550394951964394 0.000480843305006471 0.999984737548229 320.546730832772
0.999982532373721 -0.00213715801131394 0.00551067174434494 -0.881947630709461 0.00213834408008614 0.999997691826273 -0.000209348326746568 -6.49831230179841 -0.00551021161430354 0.000221128382230052 0.999984794219494 322.166561065215
0.999979268415665 -0.00216650243501813 0.00606374521815939 -0.885911689429725 0.00216785976174611 0.99999762658409 -0.000217279177216988 -6.5386874319308 -0.00606326009050349 0.000230420021939329 0.999981591722412 323.797325788613
0.999977450405712 -0.000891536435443173 0.00665611319583053 -0.881370656701519 0.000898387528586318 0.999999069727279 -0.00102637440799044 -6.56926878140363 -0.00665519195364886 0.00103233103274795 0.999977321099183 325.418228751271
0.999973229650833 -0.000462342303157515 0.00730248048796759 -0.883068092116173 0.000474268219091879 0.999998556662235 -0.00163148493779302 -6.60549171762874 -0.00730171564351802 0.00163490459678756 0.999972005625968 327.058068368835
0.999964929060822 -0.00117243919906814 0.00829252884889216 -0.875225409956019 0.00117366711026213 0.999999300998029 -0.000143209525719262 -6.64049714697388 -0.00829235514793651 0.00015293717159754 0.999965606136692 328.674773492277
0.999963406057304 -0.00245379713584518 0.00819545153674319 -0.871314165870071 0.00244521178455374 0.99999645138332 0.00105743089408282 -6.67410228542757 -0.00819801717512642 -0.00103735258383989 0.999965857624156 330.28451040134
0.999962778680666 -0.00278635581217459 0.00816562762612789 -0.866116921342542 0.00278695220078462 0.999996114540278 -6.16585605582602e-05 -6.71197356837061 -0.00816542409622206 8.44134794287128e-05 0.999966658806029 331.90939680166
0.999962610673046 -0.00206263422613222 0.00839778518389904 -0.860458500699242 0.00206339202464297 0.999997867877181 -8.15747778973749e-05 -6.75341860711093 -0.00839759901986074 9.88996508444551e-05 0.999964734652958 333.533174795438
0.999966182906503 -0.000616084374088552 0.00820082211986286 -0.862100609611873 0.000631498103328459 0.999998038892416 -0.001877077906611 -6.76920789417039 -0.0081996495988012 0.00188219323290636 0.999964610921352 335.141241631079
0.999969826509239 0.00144725633666918 0.0076322683507239 -0.86100934712128 -0.00141212076657822 0.999988390957041 -0.0046069367358592 -6.82340648736144 -0.00763884716577634 0.00459602004386201 0.999960261517294 336.746135316767
0.999975448777253 0.00248046783845773 0.00655355796751535 -0.861944704483337 -0.00245339230961917 0.999988436131737 -0.00413623850596566 -6.85754451207554 -0.00656374198962059 0.00412005850753462 0.999969970753616 338.359922067308
0.99997919802322 0.00290784952986888 0.00575742407237672 -0.864889458684849 -0.00290044434829281 0.999994956313455 -0.00129412914123472 -6.89932769657513 -0.00576115816654932 0.00127740313267892 0.999982588497328 339.971476251548
0.999978837284605 0.00426329750076931 0.00491419142372222 -0.871618995479156 -0.00426928553053448 0.999990156107595 0.00120867239801933 -6.92334484598706 -0.00490899011893686 -0.00122962690556894 0.999987194834857 341.584161438794
0.999983399856709 0.0048015103745935 0.00318520158538193 -0.875194715332562 -0.00480358237152318 0.999988255891349 0.000643176319808316 -6.96215502201689 -0.00318207596025619 -0.000658466021174534 0.999994720393604 343.192994807364
0.999987718813592 0.00457079007989532 0.00191575051428192 -0.884109019527297 -0.00456937803570315 0.99998928594174 -0.000740800983109813 -6.99804693076322 -0.00191911603460408 0.000732038096873002 0.99999789055471 344.785894819554
0.999994214545289 0.00338818717388321 -0.000301767502696292 -0.878771702137516 -0.00338812312378188 0.999994237714265 0.000212508739439816 -7.02836264681004 0.000302485783211024 -0.000211485084526237 0.999999931888203 346.38968627981
0.999998001543004 0.00164529029159017 -0.00113575078929478 -0.88770281663318 -0.00164415150319812 0.999998145495983 0.00100288106458594 -7.0717630580421 0.00113739871351956 -0.00100101171400378 0.999998852149199 347.987369462591
0.99999814496885 0.00148602473093916 -0.00122547515625923 -0.904834466889594 -0.00148570280458553 0.999998861610042 0.000263563648212002 -7.10307257796587 0.00122586542329004 -0.000261742467416621 0.999999214372114 349.588227616842
0.999997988229395 0.0010118258844416 -0.00173197735063805 -0.907329449498311 -0.00101267526125183 0.999999367389132 -0.000489602032984512 -7.13841049972398 0.0017314808629603 0.000491354978633574 0.999998380270841 351.173089420513
0.999998618774642 0.000908442045764705 -0.00139182680595197 -0.927566404272497 -0.000909473377679813 0.999999312230647 -0.00074053791865967 -7.16524149148339 0.00139115311291435 0.000741802725236273 0.999998757210094 352.770931522635
0.999998207252053 0.000263113864970951 -0.00187517033215742 -0.938124438454666 -0.000264618571587447 0.999999643198445 -0.00080223437611657 -7.20253228417084 0.00187495858410642 0.000802729142807318 0.999997920075953 354.358713371366
0.999997948279587 -0.000396053498550857 -0.00198659966843602 -0.948830304507537 0.000393503601342709 0.99999909853757 -0.00128377527726958 -7.24528716776151 0.00198710632128097 0.00128299090919768 0.999997202667485 355.950489330837
0.999998688305431 -0.000576942639137594 -0.00151344792070034 -0.966132081510219 0.000574105151190782 0.999998078109088 -0.00187461500181183 -7.28111831362493 0.00151452655734505 0.00187374366464218 0.999997097642781 357.54730336549
0.999997571716879 -0.00108009466284233 -0.00192092578310744 -0.975028934562405 0.00107668813040599 0.999997847662189 -0.00177353140935319 -7.31721503143274 0.00192283723043587 0.00177145886472675 0.999996582309397 359.136083419274
0.999998860888271 -0.000867304733751611 -0.00123531561117757 -0.97996543926202 0.000864135753403737 0.999996340738549 -0.00256354810998379 -7.34464437880581 0.00123753446824576 0.00256247770942972 0.999995951100018 360.70698805012
0.999996551193454 -0.00207402110235414 -0.00161122241329534 -1.00121096614579 0.0020686537726349 0.999992329931144 -0.003325770655272 -7.3924848314495 0.00161810777362911 0.00332242612400858 0.999993171582628 362.310733688104
0.999992012302454 -0.00364913131780532 -0.00163069675704895 -1.0020775802146 0.00364511775581043 0.999990336890324 -0.00245748703403722 -7.41995043899156 0.00163964869234635 0.00245152332267061 0.999995650783324 363.903525660034
0.999980598118605 -0.0060928810407334 -0.00129622026726522 -1.0159359118065 0.00609119661315375 0.999980604130412 -0.00129949482379486 -7.46519332873768 0.00130411279332039 0.00129157407864855 0.999998315561692 365.501154778117
0.999980264652453 -0.006034954651181 -0.00174631840417329 -1.02641805371835 0.00603152873572225 0.999979888437804 -0.00196045429091776 -7.4999593286754 0.00175811453572349 0.00194988263103449 0.999996553489563 367.079997511769
0.999989359870928 -0.00454213310568444 -0.000805711972284669 -1.03482844781712 0.00454007336094277 0.999986467729713 -0.00254009671663877 -7.53385547250472 0.000817238526560771 0.00253641169821989 0.99999644936214 368.684837744533
0.999995113221593 -0.00296984100864553 -0.000976512834605505 -1.04740962352231 0.00296794592489986 0.999993720767306 -0.00193642013700254 -7.56590862521455 0.000982257562787025 0.00193351243685835 0.999997648347103 370.274598404592
0.999998257995678 -0.00186192760188858 0.000131267720404759 -1.05692566561005 0.00186208322241149 0.999997551665953 -0.00119553677134659 -7.60162297560629 -0.000129041396103887 0.00119577912013618 0.999999276730045 371.879324474336
0.999998698438038 -0.00161290784971133 -4.06263304218324e-05 -1.07784337920178 0.00161285034883063 0.999997750303431 -0.00137771616411508 -7.63432944653298 4.28483682406916e-05 0.00137764884674093 0.999999050123385 373.471124441209
0.999998738549011 -0.00157157609265122 0.000230323622248639 -1.08341680381273 0.00157204869970147 0.99999662949843 -0.00206631427081201 -7.67317568985431 -0.000227075475834596 0.0020666737442087 0.999997838645846 375.06894886898
0.999998480365503 -0.00150176371730163 0.000885422172079606 -1.08927178138098 0.00150397532118109 0.999995737908066 -0.00250244359308667 -7.7042042453213 -0.000881660319336216 0.00250377144338269 0.999996476895614 376.686802736886
0.999999373019385 -0.000884399594811589 0.000686875675196841 -1.098307847818 0.000886081148085672 0.999996602044374 -0.00245168511532562 -7.74347972062646 -0.000684705071901177 0.00245229220575345 0.999996758715698 378.281564908903
0.999999005988915 0.000361220539061126 0.00136291632302602 -1.10821125713292 -0.000358014559770844 0.999997170416037 -0.00235180473131511 -7.77873497400216 -0.00136376198671266 0.00235131444970775 0.999996305729977 379.898343244786
0.999998107397523 0.00155856795944045 0.00116450302205772 -1.118645449488 -0.00155624475513382 0.999996802488198 -0.00199326757929781 -7.81121577659151 -0.00116760594152925 0.00199145155511424 0.999997335404984 381.511124161406
0.999996041920172 0.00229750740209664 0.00162407011129008 -1.12318459393816 -0.00229362916295798 0.999994523554419 -0.00238581777029454 -7.8500259385218 -0.0016295426511458 0.0023820833124674 0.999995835126247 383.116927186385
0.99999174976784 0.00323089651553269 0.00246205279393367 -1.1339008548159 -0.00322349183249347 0.999990287745433 -0.00300558067804199 -7.89079417443167 -0.00247173960199001 0.00299761947423121 0.99999245236193 384.730720518097
0.99998714404347 0.00452854285648926 0.00228123812479818 -1.1389415413624 -0.00452194978990397 0.999985608379246 -0.00288704078380752 -7.92943180417211 -0.00229427938200214 0.00287668802387755 0.999993230451152 386.348489520466
0.999979800388937 0.0055047911123461 0.00317743432848906 -1.14826943330551 -0.0054976474128129 0.99998235060285 -0.00225263306434165 -7.96197972578556 -0.00318977852316064 0.00223511914841448 0.999992414748915 387.957244205643
0.999974916242661 0.00640988004461577 0.00301335747911033 -1.15321444128943 -0.0064043067236172 0.999977770621885 -0.00185556392360635 -7.99493582167578 -0.00302518443621297 0.00183621891352703 0.99999373826001 389.580029477937
0.999965625631928 0.00757448297625859 0.00337264913522666 -1.16059239785137 -0.00756732366324074 0.99996909785272 -0.00213048168077347 -8.03043924297671 -0.00338868221034861 0.00210488651920319 0.999992043111153 391.20784038567
0.999962829206926 0.00762664583467456 0.00402175058816719 -1.17024421507258 -0.00761922621126601 0.999969249036274 -0.00185697974459148 -8.0686201681865 -0.00403578944229491 0.00182626809168511 0.999990188526085 392.825586665903
